        0.087  1.19522  0.67333   0.00 32.26473  0.85962   6.01
        0.371  1.19523  0.67333   0.00 32.26472  0.85962   6.01
        0.624  1.19522  0.67333   0.00 32.26473  0.85962   6.01
        1.026  1.19523  0.67333   0.00 32.26472  0.85962   6.01
        1.206  1.19523  0.67333   0.00 32.26472  0.85962   6.01
        1.591  1.19522  0.67333   0.00 32.26473  0.85962   6.01
        1.879  1.19523  0.67333   0.00 32.26472  0.85962   6.01
        2.129  1.19522  0.67333   0.00 32.26473  0.85962   6.01
        2.532  1.19523  0.67333   0.00 32.26472  0.85962   6.01
        2.712  1.19523  0.67333   0.00 32.26472  0.85962   6.01
        3.095  1.19522  0.67334   0.00 32.26473  0.85962   6.01
        3.386  1.19523  0.67333   0.00 32.26472  0.85962   6.01
        3.633  1.19522  0.67334   0.00 32.26473  0.85962   6.01
        4.037  1.19523  0.67333   0.00 32.26471  0.85962   6.01
        4.217  1.19523  0.67333   0.00 32.26471  0.85962   6.01
        4.598  1.19522  0.67334   0.00 32.26472  0.85961   6.01
        4.893  1.19523  0.67334   0.00 32.26471  0.85962   6.01
        5.135  1.19522  0.67334   0.00 32.26472  0.85961   6.01
        5.540  1.19523  0.67334   0.00 32.26470  0.85961   6.01
        5.722  1.19523  0.67334   0.00 32.26470  0.85961   6.01
        6.098  1.19522  0.67335   0.00 32.26471  0.85961   6.01
        6.399  1.19523  0.67334   0.00 32.26469  0.85961   6.01
        6.635  1.19522  0.67335   0.00 32.26471  0.85961   6.01
        7.041  1.19523  0.67335   0.00 32.26469  0.85961   6.01
        7.225  1.19523  0.67335   0.00 32.26469  0.85961   6.01
        7.596  1.19522  0.67336   0.00 32.26470  0.85961   6.01
        7.904  1.19523  0.67335   0.00 32.26468  0.85961   6.01
        8.132  1.19523  0.67336   0.00 32.26469  0.85961   6.01
        8.540  1.19523  0.67336   0.00 32.26467  0.85961   6.01
        8.727  1.19523  0.67336   0.00 32.26467  0.85961   6.01
        9.090  1.19522  0.67337   0.00 32.26468  0.85961   6.01
        9.408  1.19523  0.67336   0.00 32.26466  0.85961   6.01
        9.626  1.19523  0.67337   0.00 32.26467  0.85961   6.01
       10.035  1.19523  0.67337   0.00 32.26465  0.85961   6.01
       10.228  1.19523  0.67337   0.00 32.26465  0.85961   6.01
       10.579  1.19522  0.67338   0.00 32.26466  0.85961   6.01
       10.910  1.19523  0.67338   0.00 32.26464  0.85961   6.01
       11.117  1.19523  0.67338   0.00 32.26465  0.85961   6.01
       11.525  1.19522  0.67339   0.00 32.26463  0.85961   6.01
       11.727  1.19523  0.67338   0.00 32.26463  0.85961   6.01
       12.063  1.19522  0.67339   0.00 32.26464  0.85961   6.01
       12.409  1.19523  0.67339   0.00 32.26461  0.85961   6.01
       12.604  1.19523  0.67339   0.00 32.26462  0.85961   6.01
       13.010  1.19522  0.67340   0.00 32.26461  0.85961   6.01
       13.225  1.19523  0.67340   0.00 32.26460  0.85961   6.01
       13.542  1.19522  0.67341   0.00 32.26462  0.85961   6.01
       13.903  1.19523  0.67341   0.00 32.26458  0.85961   6.01
       14.087  1.19523  0.67341   0.00 32.26459  0.85961   6.01
       14.487  1.19522  0.67342   0.00 32.26458  0.85961   6.01
       14.723  1.19523  0.67342   0.00 32.26456  0.85961   6.01
       15.014  1.19522  0.67343   0.00 32.26459  0.85961   6.01
       15.390  1.19523  0.67343   0.00 32.26455  0.85961   6.01
       15.567  1.19523  0.67343   0.00 32.26455  0.85961   6.01
       15.956  1.19522  0.67345   0.00 32.26455  0.85960   6.01
       16.219  1.19523  0.67344   0.00 32.26453  0.85961   6.01
       16.479  1.19522  0.67345   0.00 32.26455  0.85960   6.01
       16.869  1.19523  0.67346   0.00 32.26451  0.85960   6.01
       17.045  1.19523  0.67346   0.00 32.26451  0.85960   6.01
       17.416  1.19522  0.67347   0.00 32.26452  0.85960   6.01
       17.713  1.19523  0.67347   0.00 32.26449  0.85960   6.01
       17.937  1.19523  0.67348   0.00 32.26451  0.85960   6.01
       18.335  1.19522  0.67349   0.00 32.26447  0.85960   6.01
       18.525  1.19523  0.67348   0.00 32.26447  0.85960   6.01
       18.865  1.19522  0.67350   0.00 32.26450  0.85960   6.01
       19.199  1.19523  0.67350   0.00 32.26444  0.85960   6.01
       19.391  1.19523  0.67350   0.00 32.26446  0.85960   6.01
       19.787  1.19522  0.67352   0.00 32.26444  0.85960   6.01
       20.008  1.19523  0.67352   0.00 32.26442  0.85960   6.01
       20.303  1.19522  0.67353   0.00 32.26446  0.85960   6.01
       20.671  1.19523  0.67354   0.00 32.26439  0.85960   6.01
       20.844  1.19523  0.67354   0.00 32.26440  0.85960   6.01
       21.223  1.19522  0.67356   0.00 32.26441  0.85959   6.01
       21.494  1.19523  0.67355   0.00 32.26437  0.85959   6.01
       21.733  1.19523  0.67356   0.00 32.26441  0.85959   6.01
       22.121  1.19522  0.67358   0.00 32.26435  0.85959   6.01
       22.303  1.19523  0.67358   0.00 32.26435  0.85959   6.01
       22.642  1.19522  0.67360   0.00 32.26440  0.85959   6.01
       22.971  1.19523  0.67360   0.00 32.26432  0.85959   6.01
       23.158  1.19523  0.67360   0.00 32.26435  0.85959   6.01
       23.545  1.19522  0.67363   0.00 32.26433  0.85959   6.01
       23.774  1.19523  0.67362   0.00 32.26429  0.85959   6.01
       24.047  1.19522  0.67364   0.00 32.26436  0.85959   6.01
       24.419  1.19523  0.67365   0.00 32.26427  0.85959   6.01
       24.590  1.19523  0.67365   0.00 32.26427  0.85959   6.01
       24.944  1.19521  0.67368   0.00 32.26433  0.85958   6.01
       25.247  1.19523  0.67368   0.00 32.26424  0.85958   6.01
       25.446  1.19523  0.67369   0.00 32.26429  0.85958   6.01
       25.829  1.19522  0.67372   0.00 32.26425  0.85958   6.01
       26.043  1.19523  0.67371   0.00 32.26422  0.85958   6.01
       26.323  1.19522  0.67374   0.00 32.26432  0.85958   6.01
       26.686  1.19523  0.67375   0.00 32.26420  0.85958   6.01
       26.854  1.19524  0.67375   0.00 32.26421  0.85958   6.01
       27.202  1.19521  0.67379   0.00 32.26431  0.85957   6.01
       27.506  1.19523  0.67379   0.00 32.26418  0.85957   6.01
       27.695  1.19524  0.67380   0.00 32.26425  0.85957   6.01
       28.070  1.19521  0.67384   0.00 32.26424  0.85957   6.01
       28.297  1.19523  0.67383   0.00 32.26418  0.85957   6.01
       28.551  1.19523  0.67385   0.00 32.26432  0.85957   6.01
       28.917  1.19522  0.67388   0.00 32.26418  0.85956   6.01
       29.091  1.19523  0.67388   0.00 32.26418  0.85957   6.01
       29.408  1.19522  0.67392   0.00 32.26437  0.85956   6.01
       29.738  1.19523  0.67393   0.00 32.26418  0.85956   6.01
       29.904  1.19524  0.67394   0.00 32.26422  0.85956   6.01
       30.256  1.19521  0.67399   0.00 32.26438  0.85956   6.01
       30.533  1.19523  0.67399   0.00 32.26421  0.85956   6.01
       30.729  1.19524  0.67400   0.00 32.26434  0.85956   6.01
       31.091  1.19521  0.67406   0.00 32.26437  0.85955   6.01
       31.313  1.19523  0.67405   0.00 32.26426  0.85955   6.01
       31.555  1.19523  0.67408   0.00 32.26451  0.85955   6.01
       31.910  1.19521  0.67413   0.00 32.26439  0.85954   6.01
       32.092  1.19523  0.67413   0.00 32.26434  0.85954   6.01
       32.375  1.19522  0.67417   0.00 32.26472  0.85954   6.01
       32.713  1.19522  0.67421   0.00 32.26447  0.85954   6.01
       32.875  1.19524  0.67421   0.00 32.26447  0.85954   6.01
       33.185  1.19521  0.67427   0.00 32.26497  0.85953   6.01
       33.501  1.19523  0.67430   0.00 32.26464  0.85953   6.01
       33.659  1.19525  0.67431   0.00 32.26469  0.85953   6.01
       33.982  1.19521  0.67438   0.00 32.26528  0.85953   6.01
       34.277  1.19523  0.67441   0.00 32.26490  0.85952   6.01
       34.438  1.19525  0.67442   0.00 32.26502  0.85952   6.01
       34.766  1.19520  0.67451   0.00 32.26571  0.85952   6.01
       35.043  1.19523  0.67453   0.00 32.26530  0.85951   6.01
       35.209  1.19526  0.67454   0.00 32.26549  0.85951   6.01
       35.535  1.19520  0.67465   0.01 32.26634  0.85951   6.01
       35.802  1.19523  0.67467   0.01 32.26587  0.85950   6.01
       35.969  1.19526  0.67468   0.01 32.26612  0.85951   6.01
       36.289  1.19519  0.67481   0.01 32.26726  0.85950   6.01
       36.554  1.19523  0.67484   0.01 32.26670  0.85949   6.01
       36.715  1.19527  0.67485   0.01 32.26697  0.85949   6.01
       37.027  1.19519  0.67499   0.01 32.26859  0.85949   6.01
       37.297  1.19523  0.67503   0.01 32.26793  0.85948   6.01
       37.449  1.19527  0.67504   0.01 32.26814  0.85948   6.01
       37.747  1.19520  0.67519   0.01 32.27047  0.85948   6.00
       38.027  1.19521  0.67527   0.01 32.26979  0.85947   6.00
       38.171  1.19525  0.67527   0.01 32.26987  0.85947   6.00
       38.448  1.19523  0.67542   0.01 32.27294  0.85947   6.00
       38.737  1.19518  0.67555   0.01 32.27283  0.85946   6.00
       38.888  1.19522  0.67555   0.01 32.27263  0.85946   6.00
       39.129  1.19528  0.67566   0.01 32.27586  0.85947   6.00
       39.421  1.19514  0.67589   0.01 32.27793  0.85945   6.00
       39.607  1.19520  0.67591   0.01 32.27714  0.85945   6.00
       39.793  1.19533  0.67596   0.01 32.27918  0.85946   6.00
       40.075  1.19516  0.67625   0.02 32.28563  0.85946   6.00
       40.312  1.19519  0.67636   0.02 32.28442  0.85944   6.00
       40.449  1.19527  0.67637   0.02 32.28473  0.85944   6.00
       40.700  1.19529  0.67660   0.02 32.29417  0.85947   6.00
       40.963  1.19508  0.67691   0.02 32.29823  0.85945   6.00
       41.123  1.19516  0.67693   0.02 32.29710  0.85945   6.00
       41.304  1.19540  0.67702   0.02 32.30159  0.85947   6.00
       41.559  1.19519  0.67745   0.03 32.31930  0.85951   6.00
       41.788  1.19506  0.67770   0.03 32.32048  0.85949   6.00
       41.915  1.19514  0.67771   0.03 32.31999  0.85949   6.00
       42.118  1.19549  0.67789   0.03 32.33431  0.85955   6.00
       42.358  1.19511  0.67848   0.04 32.36436  0.85963   6.00
       42.562  1.19498  0.67876   0.04 32.36592  0.85961   6.00
       42.680  1.19509  0.67877   0.04 32.36541  0.85961   6.00
       42.874  1.19565  0.67899   0.05 32.39072  0.85972   6.00
       43.093  1.19519  0.67973   0.06 32.45176  0.85993   6.00
       43.289  1.19469  0.68023   0.07 32.46871  0.85995   5.99
       43.405  1.19481  0.68026   0.07 32.46660  0.85994   5.99
       43.564  1.19571  0.68037   0.07 32.48481  0.86004   5.99
       43.758  1.19583  0.68099   0.09 32.59918  0.86052   5.99
       43.946  1.19465  0.68202   0.10 32.71597  0.86093   5.99
       44.098  1.19431  0.68239   0.11 32.72821  0.86095   5.99
       44.198  1.19443  0.68238   0.11 32.72551  0.86094   5.99
       44.352  1.19625  0.68239   0.12 32.78008  0.86124   5.99
       44.518  1.19678  0.68285   0.16 33.04807  0.86243   5.99
       44.677  1.19498  0.68400   0.19 33.40649  0.86387   5.99
       44.816  1.19267  0.68474   0.21 33.57385  0.86447   5.99
       44.908  1.19291  0.68488   0.21 33.57132  0.86446   5.99
       45.018  1.19389  0.68457   0.21 33.52392  0.86431   5.99
       45.149  1.19772  0.68337   0.25 33.60441  0.86487   5.99
       45.280  1.20005  0.68180   0.32 34.10673  0.86721   5.99
       45.404  1.19889  0.68083   0.40 35.02609  0.87100   5.99
       45.518  1.19378  0.68056   0.46 36.05026  0.87481   6.00
       45.615  1.18794  0.68023   0.47 36.54882  0.87651   6.00
       45.684  1.18838  0.68046   0.47 36.57174  0.87659   6.00
       45.772  1.18547  0.67934   0.47 36.35810  0.87583   6.00
       45.868  1.18811  0.67561   0.50 35.08748  0.87137   6.01
       45.963  1.19415  0.66809   0.55 33.01075  0.86345   6.02
       46.056  1.20170  0.65780   0.60 30.62879  0.85308   6.04
       46.146  1.20957  0.64670   0.65 28.41651  0.84190   6.07
       46.232  1.21632  0.63716   0.67 26.74114  0.83220   6.09
       46.313  1.21910  0.63102   0.68 25.84442  0.82650   6.10
       46.385  1.21296  0.62759   0.68 25.75207  0.82591   6.11
       46.446  1.21280  0.62754   0.68 25.75295  0.82592   6.11
       46.518  1.22025  0.63163   0.68 25.86176  0.82662   6.10
       46.599  1.21558  0.63925   0.72 27.09406  0.83438   6.08
       46.685  1.20574  0.65113   0.80 29.50293  0.84772   6.04
       46.774  1.19550  0.66467   0.91 32.80685  0.86286   6.01
       46.867  1.18685  0.67681   1.02 36.45676  0.87642   5.99
       46.962  1.18091  0.68521   1.10 39.59041  0.88609   5.98
       47.058  1.17903  0.68908   1.13 41.35690  0.89094   5.97
       47.144  1.18209  0.69014   1.13 41.61410  0.89165   5.97
       47.213  1.18168  0.68992   1.13 41.58951  0.89159   5.97
       47.310  1.18838  0.69012   1.15 40.80372  0.88951   5.97
       47.424  1.19496  0.69019   1.24 39.10438  0.88455   5.97
       47.548  1.19652  0.69130   1.38 37.60180  0.87957   5.96
       47.678  1.19351  0.69328   1.48 36.83734  0.87666   5.96
       47.809  1.18897  0.69472   1.53 36.73178  0.87605   5.96
       47.918  1.18794  0.69502   1.53 36.79031  0.87621   5.96
       48.010  1.18767  0.69487   1.53 36.79420  0.87623   5.96
       48.150  1.19017  0.69394   1.55 36.56618  0.87554   5.96
       48.309  1.19230  0.69240   1.59 36.05261  0.87382   5.97
       48.476  1.19167  0.69175   1.63 35.67321  0.87241   5.97
       48.628  1.18967  0.69173   1.64 35.60357  0.87209   5.97
       48.727  1.18954  0.69173   1.64 35.60671  0.87210   5.97
       48.881  1.18993  0.69130   1.64 35.58995  0.87208   5.97
       49.070  1.19120  0.69007   1.66 35.43433  0.87161   5.97
       49.265  1.19102  0.68935   1.68 35.28499  0.87108   5.98
       49.418  1.19013  0.68924   1.68 35.26506  0.87099   5.98
       49.538  1.18999  0.68920   1.68 35.26814  0.87100   5.98
       49.737  1.19053  0.68862   1.68 35.24472  0.87097   5.98
       49.957  1.19098  0.68779   1.69 35.16648  0.87074   5.98
       50.144  1.19037  0.68758   1.70 35.13887  0.87064   5.98
       50.263  1.19027  0.68757   1.70 35.13986  0.87064   5.98
       50.474  1.19045  0.68724   1.70 35.13661  0.87066   5.98
       50.714  1.19081  0.68661   1.70 35.09838  0.87057   5.98
       50.907  1.19044  0.68645   1.71 35.08402  0.87051   5.98
       51.039  1.19036  0.68644   1.71 35.08503  0.87052   5.98
       51.277  1.19054  0.68613   1.71 35.08217  0.87053   5.98
       51.530  1.19070  0.68570   1.71 35.06056  0.87049   5.99
       51.692  1.19050  0.68565   1.71 35.05699  0.87047   5.99
       51.871  1.19040  0.68561   1.71 35.05883  0.87048   5.99
       52.140  1.19063  0.68525   1.71 35.05222  0.87049   5.99
       52.379  1.19054  0.68506   1.71 35.04250  0.87047   5.99
       52.512  1.19048  0.68505   1.71 35.04256  0.87046   5.99
       52.767  1.19051  0.68491   1.71 35.04362  0.87048   5.99
       53.046  1.19063  0.68463   1.72 35.03547  0.87047   5.99
       53.205  1.19053  0.68460   1.72 35.03417  0.87047   5.99
       53.421  1.19046  0.68456   1.72 35.03550  0.87048   5.99
       53.717  1.19062  0.68432   1.72 35.03181  0.87049   5.99
       53.926  1.19052  0.68424   1.72 35.02923  0.87048   5.99
       54.102  1.19048  0.68424   1.72 35.02981  0.87048   5.99
       54.404  1.19058  0.68407   1.72 35.02900  0.87049   5.99
       54.653  1.19054  0.68396   1.72 35.02614  0.87049   5.99
       54.808  1.19050  0.68396   1.72 35.02632  0.87049   5.99
       55.110  1.19055  0.68385   1.72 35.02666  0.87050   5.99
       55.383  1.19055  0.68374   1.72 35.02419  0.87050   5.99
       55.532  1.19052  0.68374   1.72 35.02422  0.87050   5.99
       55.834  1.19053  0.68366   1.72 35.02485  0.87051   5.99
       56.123  1.19056  0.68355   1.72 35.02293  0.87051   5.99
       56.272  1.19053  0.68355   1.72 35.02290  0.87051   5.99
       56.577  1.19053  0.68348   1.72 35.02354  0.87052   5.99
       56.872  1.19056  0.68339   1.72 35.02208  0.87052   5.99
       57.024  1.19053  0.68339   1.72 35.02206  0.87052   5.99
       57.336  1.19053  0.68333   1.72 35.02261  0.87053   5.99
       57.631  1.19055  0.68325   1.72 35.02151  0.87053   5.99
       57.787  1.19053  0.68325   1.72 35.02151  0.87053   5.99
       58.111  1.19054  0.68320   1.72 35.02196  0.87054   5.99
       58.397  1.19055  0.68313   1.72 35.02113  0.87054   5.99
       58.562  1.19053  0.68314   1.72 35.02118  0.87054   5.99
       58.901  1.19054  0.68308   1.72 35.02148  0.87054   5.99
       59.165  1.19054  0.68303   1.72 35.02089  0.87055   5.99
       59.352  1.19052  0.68304   1.72 35.02099  0.87054   5.99
       59.703  1.19055  0.68298   1.72 35.02112  0.87055   5.99
       59.934  1.19054  0.68295   1.72 35.02074  0.87055   5.99
       60.156  1.19052  0.68295   1.72 35.02091  0.87055   5.99
       60.513  1.19056  0.68288   1.72 35.02084  0.87056   5.99
       60.706  1.19054  0.68287   1.72 35.02064  0.87056   5.99
       60.977  1.19052  0.68287   1.72 35.02089  0.87056   5.99
       61.326  1.19056  0.68281   1.72 35.02066  0.87056   5.99
       61.491  1.19054  0.68280   1.72 35.02059  0.87056   5.99
       61.812  1.19053  0.68279   1.72 35.02087  0.87056   5.99
       62.133  1.19055  0.68274   1.72 35.02058  0.87057   5.99
       62.300  1.19054  0.68274   1.72 35.02058  0.87057   5.99
       62.657  1.19054  0.68272   1.72 35.02081  0.87057   5.99
       62.923  1.19054  0.68269   1.72 35.02058  0.87057   5.99
       63.134  1.19053  0.68269   1.72 35.02065  0.87057   5.99
       63.506  1.19055  0.68265   1.72 35.02071  0.87058   5.99
       63.706  1.19054  0.68264   1.72 35.02060  0.87058   5.99
       63.990  1.19052  0.68264   1.72 35.02075  0.87058   5.99
       64.346  1.19055  0.68260   1.72 35.02065  0.87058   5.99
       64.511  1.19054  0.68260   1.72 35.02062  0.87058   5.99
       64.861  1.19053  0.68258   1.72 35.02081  0.87058   5.99
       65.160  1.19054  0.68256   1.72 35.02066  0.87058   5.99
       65.355  1.19053  0.68256   1.72 35.02069  0.87058   5.99
       65.736  1.19055  0.68253   1.72 35.02079  0.87059   5.99
       65.950  1.19054  0.68252   1.72 35.02070  0.87059   5.99
       66.230  1.19053  0.68252   1.72 35.02080  0.87059   5.99
       66.595  1.19055  0.68249   1.72 35.02075  0.87059   5.99
       66.763  1.19054  0.68249   1.72 35.02073  0.87059   5.99
       67.122  1.19053  0.68248   1.72 35.02088  0.87059   5.99
       67.416  1.19054  0.68246   1.72 35.02078  0.87059   5.99
       67.624  1.19053  0.68246   1.72 35.02081  0.87059   5.99
       68.013  1.19055  0.68244   1.72 35.02087  0.87059   5.99
       68.212  1.19054  0.68243   1.72 35.02082  0.87059   5.99
       68.521  1.19053  0.68243   1.72 35.02092  0.87059   5.99
       68.875  1.19055  0.68241   1.72 35.02087  0.87060   5.99
       69.048  1.19054  0.68241   1.72 35.02086  0.87060   5.99
       69.431  1.19054  0.68240   1.72 35.02097  0.87060   5.99
       69.686  1.19054  0.68238   1.72 35.02091  0.87060   5.99
       69.939  1.19053  0.68239   1.72 35.02095  0.87060   5.99
       70.324  1.19055  0.68237   1.72 35.02096  0.87060   5.99
       70.499  1.19054  0.68236   1.72 35.02094  0.87060   5.99
       70.859  1.19053  0.68236   1.72 35.02104  0.87060   5.99
       71.165  1.19054  0.68234   1.72 35.02099  0.87060   5.99
       71.376  1.19053  0.68235   1.72 35.02100  0.87060   5.99
       71.774  1.19054  0.68233   1.72 35.02105  0.87060   5.99
       71.969  1.19054  0.68233   1.72 35.02102  0.87060   5.99
       72.298  1.19053  0.68233   1.72 35.02109  0.87060   5.99
       72.643  1.19054  0.68231   1.72 35.02106  0.87061   5.99
       72.829  1.19054  0.68231   1.72 35.02107  0.87060   5.99
       73.229  1.19054  0.68230   1.72 35.02113  0.87061   5.99
       73.452  1.19054  0.68230   1.72 35.02110  0.87061   5.99
       73.752  1.19053  0.68230   1.72 35.02115  0.87061   5.99
       74.121  1.19054  0.68228   1.72 35.02114  0.87061   5.99
       74.297  1.19054  0.68228   1.72 35.02113  0.87061   5.99
       74.693  1.19054  0.68228   1.72 35.02120  0.87061   5.99
       74.941  1.19054  0.68227   1.72 35.02117  0.87061   5.99
       75.217  1.19053  0.68227   1.72 35.02120  0.87061   5.99
       75.602  1.19054  0.68226   1.72 35.02120  0.87061   5.99
       75.776  1.19054  0.68226   1.72 35.02120  0.87061   5.99
       76.166  1.19054  0.68225   1.72 35.02125  0.87061   5.99
       76.434  1.19054  0.68224   1.72 35.02123  0.87061   5.99
       76.694  1.19053  0.68225   1.72 35.02125  0.87061   5.99
       77.088  1.19054  0.68224   1.72 35.02126  0.87061   5.99
       77.264  1.19054  0.68223   1.72 35.02125  0.87061   5.99
       77.649  1.19054  0.68223   1.72 35.02130  0.87061   5.99
       77.930  1.19054  0.68222   1.72 35.02128  0.87061   5.99
       78.180  1.19053  0.68223   1.72 35.02130  0.87061   5.99
       78.580  1.19054  0.68222   1.72 35.02131  0.87061   5.99
       78.757  1.19054  0.68222   1.72 35.02131  0.87061   5.99
       79.140  1.19054  0.68222   1.72 35.02135  0.87061   5.99
       79.428  1.19054  0.68221   1.72 35.02133  0.87061   5.99
       79.674  1.19053  0.68221   1.72 35.02135  0.87061   5.99
       80.078  1.19054  0.68220   1.72 35.02136  0.87062   5.99
       80.256  1.19054  0.68220   1.72 35.02135  0.87062   5.99
       80.640  1.19054  0.68220   1.72 35.02139  0.87062   5.99
       80.928  1.19054  0.68219   1.72 35.02138  0.87062   5.99
       81.177  1.19053  0.68220   1.72 35.02139  0.87062   5.99
       81.581  1.19054  0.68219   1.72 35.02140  0.87062   5.99
       81.759  1.19054  0.68219   1.72 35.02140  0.87062   5.99
       82.147  1.19054  0.68219   1.72 35.02143  0.87062   5.99
       82.430  1.19054  0.68218   1.72 35.02142  0.87062   5.99
       82.686  1.19053  0.68218   1.72 35.02143  0.87062   5.99
       83.088  1.19054  0.68217   1.72 35.02144  0.87062   5.99
       83.266  1.19054  0.68217   1.72 35.02143  0.87062   5.99
       83.660  1.19054  0.68217   1.72 35.02147  0.87062   5.99
       83.934  1.19054  0.68217   1.72 35.02145  0.87062   5.99
       84.201  1.19053  0.68217   1.72 35.02147  0.87062   5.99
       84.600  1.19054  0.68216   1.72 35.02147  0.87062   5.99
       84.777  1.19054  0.68216   1.72 35.02147  0.87062   5.99
       85.179  1.19054  0.68216   1.72 35.02150  0.87062   5.99
       85.440  1.19054  0.68216   1.72 35.02148  0.87062   5.99
       85.722  1.19053  0.68216   1.72 35.02150  0.87062   5.99
       86.113  1.19054  0.68216   1.72 35.02150  0.87062   5.99
       86.293  1.19054  0.68216   1.72 35.02150  0.87062   5.99
       86.703  1.19054  0.68216   1.72 35.02152  0.87062   5.99
       86.947  1.19054  0.68215   1.72 35.02151  0.87062   5.99
       87.249  1.19053  0.68216   1.72 35.02153  0.87062   5.99
       87.628  1.19054  0.68215   1.72 35.02153  0.87062   5.99
       87.814  1.19054  0.68215   1.72 35.02153  0.87062   5.99
       88.230  1.19054  0.68215   1.72 35.02155  0.87062   5.99
       88.455  1.19054  0.68214   1.72 35.02154  0.87062   5.99
       88.780  1.19053  0.68215   1.72 35.02155  0.87062   5.99
       89.143  1.19054  0.68214   1.72 35.02155  0.87062   5.99
       89.339  1.19054  0.68214   1.72 35.02155  0.87062   5.99
       89.759  1.19054  0.68214   1.72 35.02156  0.87062   5.99
       89.967  1.19054  0.68214   1.72 35.02156  0.87062   5.99
       90.315  1.19053  0.68214   1.72 35.02158  0.87062   5.99
       90.657  1.19054  0.68214   1.72 35.02157  0.87062   5.99
       90.869  1.19054  0.68214   1.72 35.02157  0.87062   5.99
       91.290  1.19054  0.68214   1.72 35.02158  0.87062   5.99
       91.482  1.19054  0.68214   1.72 35.02158  0.87062   5.99
       91.853  1.19053  0.68214   1.72 35.02159  0.87062   5.99
       92.170  1.19054  0.68213   1.72 35.02158  0.87062   5.99
       92.404  1.19054  0.68214   1.72 35.02159  0.87062   5.99
       92.820  1.19054  0.68214   1.72 35.02159  0.87062   5.99
       93.002  1.19054  0.68213   1.72 35.02159  0.87062   5.99
       93.393  1.19054  0.68214   1.72 35.02161  0.87062   5.99
       93.681  1.19054  0.68213   1.72 35.02160  0.87062   5.99
       93.943  1.19054  0.68214   1.72 35.02161  0.87062   5.99
       94.348  1.19054  0.68213   1.72 35.02161  0.87062   5.99
       94.527  1.19054  0.68213   1.72 35.02160  0.87062   5.99
       94.935  1.19054  0.68214   1.72 35.02162  0.87062   5.99
       95.192  1.19054  0.68213   1.72 35.02161  0.87062   5.99
       95.485  1.19053  0.68214   1.72 35.02162  0.87062   5.99
       95.873  1.19054  0.68213   1.72 35.02161  0.87062   5.99
       96.057  1.19054  0.68213   1.72 35.02162  0.87062   5.99
       96.476  1.19054  0.68214   1.72 35.02162  0.87062   5.99
       96.704  1.19054  0.68213   1.72 35.02162  0.87062   5.99
       97.029  1.19053  0.68214   1.72 35.02163  0.87062   5.99
       97.394  1.19054  0.68213   1.72 35.02162  0.87062   5.99
       97.592  1.19054  0.68214   1.72 35.02162  0.87062   5.99
       98.015  1.19054  0.68214   1.72 35.02163  0.87062   5.99
       98.220  1.19054  0.68213   1.72 35.02162  0.87062   5.99
       98.575  1.19053  0.68214   1.72 35.02164  0.87062   5.99
       98.911  1.19054  0.68214   1.72 35.02163  0.87062   5.99
       99.130  1.19054  0.68214   1.72 35.02163  0.87062   5.99
       99.551  1.19054  0.68214   1.72 35.02163  0.87062   5.99
       99.740  1.19054  0.68214   1.72 35.02163  0.87062   5.99
      100.120  1.19053  0.68214   1.72 35.02164  0.87062   5.99
      100.425  1.19054  0.68214   1.72 35.02163  0.87062   5.99
      100.671  1.19054  0.68214   1.72 35.02163  0.87062   5.99
      101.083  1.19054  0.68214   1.72 35.02163  0.87062   5.99
      101.264  1.19054  0.68214   1.72 35.02163  0.87062   5.99
      101.664  1.19054  0.68215   1.72 35.02164  0.87062   5.99
      101.936  1.19054  0.68214   1.72 35.02163  0.87062   5.99
      102.214  1.19054  0.68215   1.72 35.02164  0.87062   5.99
      102.611  1.19054  0.68215   1.72 35.02163  0.87062   5.99
      102.792  1.19054  0.68215   1.72 35.02163  0.87062   5.99
      103.205  1.19054  0.68215   1.72 35.02163  0.87062   5.99
      103.448  1.19054  0.68215   1.72 35.02162  0.87062   5.99
      103.757  1.19053  0.68215   1.72 35.02163  0.87062   5.99
      104.133  1.19054  0.68215   1.72 35.02162  0.87062   5.99
      104.323  1.19054  0.68215   1.72 35.02162  0.87062   5.99
      104.744  1.19054  0.68216   1.72 35.02162  0.87062   5.99
      104.961  1.19054  0.68215   1.72 35.02162  0.87062   5.99
      105.298  1.19053  0.68216   1.72 35.02163  0.87062   5.99
      105.651  1.19054  0.68216   1.72 35.02161  0.87062   5.99
      105.856  1.19054  0.68216   1.72 35.02162  0.87062   5.99
      106.278  1.19054  0.68216   1.72 35.02161  0.87062   5.99
      106.476  1.19054  0.68216   1.72 35.02161  0.87062   5.99
      106.838  1.19053  0.68217   1.72 35.02162  0.87062   5.99
      107.165  1.19054  0.68217   1.72 35.02161  0.87062   5.99
      107.389  1.19054  0.68217   1.72 35.02161  0.87062   5.99
      107.807  1.19054  0.68217   1.72 35.02160  0.87062   5.99
      107.993  1.19054  0.68217   1.72 35.02160  0.87062   5.99
      108.374  1.19053  0.68218   1.72 35.02161  0.87062   5.99
      108.675  1.19054  0.68217   1.72 35.02159  0.87062   5.99
      108.922  1.19054  0.68218   1.72 35.02160  0.87062   5.99
      109.332  1.19054  0.68218   1.72 35.02159  0.87062   5.99
      109.511  1.19054  0.68218   1.72 35.02159  0.87062   5.99
      109.906  1.19053  0.68219   1.72 35.02159  0.87062   5.99
      110.183  1.19054  0.68219   1.72 35.02158  0.87062   5.99
      110.452  1.19054  0.68219   1.72 35.02159  0.87062   5.99
      110.851  1.19054  0.68219   1.72 35.02157  0.87062   5.99
      111.030  1.19054  0.68219   1.72 35.02157  0.87062   5.99
      111.434  1.19053  0.68220   1.72 35.02157  0.87062   5.99
      111.691  1.19054  0.68220   1.72 35.02156  0.87062   5.99
      111.978  1.19054  0.68220   1.72 35.02158  0.87062   5.99
      112.366  1.19054  0.68220   1.72 35.02155  0.87062   5.99
      112.547  1.19054  0.68221   1.72 35.02156  0.87062   5.99
      112.957  1.19054  0.68221   1.72 35.02155  0.87061   5.99
      113.197  1.19054  0.68221   1.72 35.02154  0.87062   5.99
      113.500  1.19054  0.68222   1.72 35.02156  0.87061   5.99
      113.877  1.19054  0.68222   1.72 35.02153  0.87061   5.99
      114.061  1.19054  0.68222   1.72 35.02154  0.87061   5.99
      114.474  1.19054  0.68223   1.72 35.02153  0.87061   5.99
      114.702  1.19054  0.68223   1.72 35.02152  0.87061   5.99
      115.017  1.19053  0.68224   1.72 35.02154  0.87061   5.99
      115.385  1.19054  0.68224   1.72 35.02151  0.87061   5.99
      115.572  1.19054  0.68224   1.72 35.02152  0.87061   5.99
      115.985  1.19054  0.68225   1.72 35.02150  0.87061   5.99
      116.206  1.19054  0.68224   1.72 35.02150  0.87061   5.99
      116.527  1.19053  0.68226   1.72 35.02151  0.87061   5.99
      116.889  1.19054  0.68225   1.72 35.02148  0.87061   5.99
      117.078  1.19054  0.68226   1.72 35.02149  0.87061   5.99
      117.490  1.19054  0.68227   1.72 35.02148  0.87061   5.99
      117.707  1.19054  0.68226   1.72 35.02147  0.87061   5.99
      118.030  1.19053  0.68228   1.72 35.02149  0.87061   5.99
      118.389  1.19054  0.68228   1.72 35.02145  0.87061   5.99
      118.578  1.19054  0.68228   1.72 35.02146  0.87061   5.99
      118.988  1.19054  0.68229   1.72 35.02145  0.87061   5.99
      119.206  1.19054  0.68229   1.72 35.02144  0.87061   5.99
      119.525  1.19053  0.68230   1.72 35.02146  0.87061   5.99
      119.886  1.19054  0.68230   1.72 35.02142  0.87061   5.99
      120.072  1.19054  0.68230   1.72 35.02143  0.87061   5.99
      120.479  1.19053  0.68231   1.72 35.02141  0.87061   5.99
      120.702  1.19054  0.68231   1.72 35.02140  0.87061   5.99
      121.011  1.19053  0.68232   1.72 35.02143  0.87061   5.99
      121.378  1.19054  0.68233   1.72 35.02138  0.87061   5.99
      121.559  1.19054  0.68233   1.72 35.02139  0.87061   5.99
      121.961  1.19053  0.68234   1.72 35.02138  0.87060   5.99
      122.196  1.19054  0.68234   1.72 35.02136  0.87060   5.99
      122.488  1.19054  0.68235   1.72 35.02140  0.87060   5.99
      122.864  1.19054  0.68236   1.72 35.02134  0.87060   5.99
      123.039  1.19055  0.68236   1.72 35.02135  0.87060   5.99
      123.432  1.19053  0.68238   1.72 35.02136  0.87060   5.99
      123.687  1.19054  0.68237   1.72 35.02133  0.87060   5.99
      123.954  1.19054  0.68238   1.72 35.02137  0.87060   5.99
      124.341  1.19054  0.68239   1.72 35.02131  0.87060   5.99
      124.514  1.19055  0.68239   1.72 35.02131  0.87060   5.99
      124.892  1.19053  0.68241   1.72 35.02133  0.87060   5.99
      125.175  1.19054  0.68241   1.72 35.02129  0.87060   5.99
      125.411  1.19054  0.68242   1.72 35.02133  0.87060   5.99
      125.806  1.19054  0.68243   1.72 35.02127  0.87060   5.99
      125.986  1.19054  0.68243   1.72 35.02127  0.87060   5.99
      126.338  1.19053  0.68245   1.72 35.02131  0.87059   5.99
      126.657  1.19054  0.68245   1.72 35.02125  0.87059   5.99
      126.858  1.19054  0.68246   1.72 35.02128  0.87059   5.99
      127.255  1.19053  0.68248   1.72 35.02125  0.87059   5.99
      127.459  1.19054  0.68248   1.72 35.02123  0.87059   5.99
      127.770  1.19053  0.68249   1.72 35.02130  0.87059   5.99
      128.125  1.19054  0.68250   1.72 35.02121  0.87059   5.99
      128.300  1.19055  0.68250   1.72 35.02123  0.87059   5.99
      128.684  1.19053  0.68253   1.72 35.02125  0.87059   5.99
      128.935  1.19054  0.68253   1.72 35.02119  0.87059   5.99
      129.189  1.19054  0.68254   1.72 35.02127  0.87059   5.99
      129.570  1.19054  0.68256   1.72 35.02118  0.87059   5.99
      129.744  1.19055  0.68256   1.72 35.02118  0.87059   5.99
      130.093  1.19053  0.68259   1.72 35.02127  0.87058   5.99
      130.405  1.19054  0.68259   1.72 35.02117  0.87058   5.99
      130.599  1.19055  0.68260   1.72 35.02122  0.87058   5.99
      130.985  1.19053  0.68262   1.72 35.02120  0.87058   5.99
      131.200  1.19054  0.68262   1.72 35.02116  0.87058   5.99
      131.482  1.19054  0.68264   1.72 35.02129  0.87058   5.99
      131.846  1.19054  0.68266   1.72 35.02116  0.87058   5.99
      132.012  1.19055  0.68266   1.72 35.02117  0.87058   5.99
      132.368  1.19053  0.68270   1.72 35.02129  0.87057   5.99
      132.662  1.19054  0.68270   1.72 35.02117  0.87057   5.99
      132.860  1.19055  0.68271   1.72 35.02125  0.87057   5.99
      133.239  1.19053  0.68275   1.72 35.02124  0.87057   5.99
      133.449  1.19054  0.68274   1.72 35.02119  0.87057   5.99
      133.724  1.19054  0.68277   1.72 35.02138  0.87057   5.99
      134.084  1.19054  0.68280   1.72 35.02122  0.87057   5.99
      134.250  1.19055  0.68280   1.72 35.02123  0.87057   5.99
      134.587  1.19053  0.68284   1.72 35.02146  0.87056   5.99
      134.897  1.19054  0.68285   1.72 35.02127  0.87056   5.99
      135.074  1.19055  0.68286   1.72 35.02135  0.87056   5.99
      135.439  1.19052  0.68291   1.72 35.02149  0.87056   5.99
      135.681  1.19054  0.68291   1.72 35.02135  0.87056   5.99
      135.909  1.19055  0.68293   1.72 35.02157  0.87056   5.99
      136.272  1.19053  0.68298   1.72 35.02152  0.87055   5.99
      136.460  1.19054  0.68297   1.72 35.02146  0.87055   5.99
      136.742  1.19054  0.68301   1.72 35.02184  0.87055   5.99
      137.086  1.19054  0.68305   1.72 35.02162  0.87055   5.99
      137.247  1.19055  0.68305   1.72 35.02163  0.87055   5.99
      137.567  1.19053  0.68311   1.73 35.02213  0.87054   5.99
      137.880  1.19054  0.68313   1.73 35.02183  0.87054   5.99
      138.041  1.19056  0.68314   1.73 35.02191  0.87054   5.99
      138.380  1.19052  0.68321   1.73 35.02247  0.87054   5.99
      138.657  1.19054  0.68323   1.73 35.02214  0.87053   5.99
      138.834  1.19056  0.68324   1.73 35.02235  0.87054   5.99
      139.178  1.19051  0.68332   1.73 35.02289  0.87053   5.99
      139.423  1.19054  0.68333   1.73 35.02258  0.87053   5.99
      139.620  1.19057  0.68335   1.73 35.02297  0.87053   5.99
      139.961  1.19051  0.68345   1.73 35.02348  0.87052   5.99
      140.182  1.19054  0.68345   1.73 35.02318  0.87052   5.99
      140.394  1.19057  0.68349   1.73 35.02379  0.87052   5.99
      140.730  1.19050  0.68359   1.73 35.02434  0.87051   5.99
      140.937  1.19054  0.68360   1.73 35.02403  0.87051   5.99
      141.155  1.19057  0.68363   1.73 35.02486  0.87051   5.99
      141.484  1.19050  0.68376   1.73 35.02561  0.87050   5.99
      141.687  1.19053  0.68376   1.73 35.02523  0.87050   5.99
      141.900  1.19058  0.68380   1.73 35.02626  0.87050   5.99
      142.222  1.19049  0.68395   1.73 35.02749  0.87050   5.99
      142.431  1.19053  0.68396   1.73 35.02698  0.87049   5.99
      142.628  1.19059  0.68400   1.73 35.02806  0.87050   5.99
      142.942  1.19049  0.68417   1.74 35.03028  0.87049   5.99
      143.169  1.19054  0.68419   1.74 35.02954  0.87048   5.99
      143.341  1.19060  0.68422   1.74 35.03042  0.87049   5.99
      143.642  1.19050  0.68441   1.74 35.03431  0.87048   5.99
      143.893  1.19053  0.68448   1.74 35.03340  0.87048   5.99
      144.039  1.19059  0.68449   1.74 35.03380  0.87048   5.99
      144.320  1.19054  0.68468   1.74 35.03962  0.87048   5.99
      144.592  1.19048  0.68483   1.74 35.03966  0.87047   5.99
      144.732  1.19053  0.68483   1.74 35.03948  0.87047   5.99
      144.975  1.19062  0.68497   1.75 35.04566  0.87049   5.99
      145.256  1.19043  0.68524   1.75 35.05046  0.87048   5.99
      145.434  1.19050  0.68527   1.75 35.04932  0.87047   5.99
      145.612  1.19066  0.68533   1.75 35.05244  0.87049   5.99
      145.881  1.19050  0.68566   1.76 35.06605  0.87051   5.98
      146.118  1.19044  0.68584   1.76 35.06612  0.87049   5.98
      146.246  1.19052  0.68585   1.76 35.06601  0.87049   5.98
      146.474  1.19071  0.68604   1.76 35.08057  0.87054   5.98
      146.728  1.19037  0.68649   1.77 35.09807  0.87056   5.98
      146.915  1.19045  0.68660   1.77 35.09619  0.87055   5.98
      147.052  1.19064  0.68663   1.77 35.09810  0.87056   5.98
      147.281  1.19074  0.68697   1.78 35.13127  0.87066   5.98
      147.514  1.19025  0.68752   1.79 35.15830  0.87071   5.98
      147.675  1.19036  0.68763   1.79 35.15592  0.87070   5.98
      147.812  1.19068  0.68767   1.79 35.15958  0.87072   5.98
      148.025  1.19092  0.68806   1.80 35.21913  0.87092   5.98
      148.238  1.19020  0.68882   1.81 35.28535  0.87110   5.98
      148.405  1.19013  0.68907   1.81 35.28775  0.87109   5.98
      148.517  1.19032  0.68907   1.81 35.28725  0.87109   5.98
      148.698  1.19129  0.68927   1.83 35.35515  0.87137   5.98
      148.891  1.19081  0.69009   1.85 35.52733  0.87195   5.98
      149.068  1.18953  0.69090   1.87 35.63218  0.87226   5.98
      149.187  1.18967  0.69106   1.87 35.63032  0.87224   5.98
      149.306  1.19031  0.69101   1.87 35.62757  0.87225   5.98
      149.467  1.19209  0.69097   1.89 35.78765  0.87291   5.98
      149.630  1.19183  0.69155   1.94 36.20552  0.87443   5.98
      149.781  1.18937  0.69256   1.97 36.62908  0.87584   5.98
      149.904  1.18776  0.69294   1.98 36.73493  0.87615   5.98
      149.989  1.18766  0.69290   1.98 36.72895  0.87613   5.98
      150.109  1.19019  0.69227   1.99 36.64122  0.87593   5.98
      150.239  1.19409  0.69042   2.04 36.82233  0.87682   5.98
      150.365  1.19589  0.68830   2.11 37.52839  0.87950   5.99
      150.484  1.19392  0.68685   2.17 38.69297  0.88343   6.00
      150.591  1.18791  0.68615   2.21 39.87921  0.88702   6.00
      150.678  1.18298  0.68566   2.21 40.29164  0.88817   6.00
      150.747  1.18255  0.68573   2.21 40.36230  0.88837   6.00
      150.836  1.17977  0.68429   2.21 39.86792  0.88693   6.00
      150.930  1.18217  0.67982   2.22 37.93694  0.88118   6.01
      151.023  1.18779  0.67176   2.24 35.06459  0.87152   6.03
      151.113  1.19522  0.66141   2.24 31.99920  0.85932   6.05
      151.201  1.20352  0.65086   2.22 29.33756  0.84666   6.07
      151.285  1.21133  0.64236   2.20 27.43213  0.83609   6.09
      151.365  1.21528  0.63741   2.18 26.46208  0.83012   6.09
      151.434  1.20941  0.63458   2.18 26.37606  0.82957   6.09
      151.495  1.21338  0.63568   2.18 26.30242  0.82909   6.09
      151.571  1.22057  0.64037   2.21 26.43686  0.82986   6.08
      151.655  1.21705  0.64926   2.31 27.66959  0.83719   6.04
      151.743  1.20849  0.66211   2.48 29.96609  0.84932   6.01
      151.836  1.19888  0.67589   2.67 32.94535  0.86257   5.98
      151.932  1.19024  0.68748   2.83 35.99049  0.87388   5.97
      152.030  1.18405  0.69480   2.92 38.35878  0.88148   5.96
      152.127  1.18228  0.69762   2.95 39.49357  0.88485   5.96
      152.207  1.18479  0.69828   2.95 39.55376  0.88505   5.96
      152.284  1.18523  0.69806   2.95 39.48564  0.88486   5.96
      152.391  1.19241  0.69781   3.00 38.49011  0.88188   5.96
      152.512  1.19742  0.69752   3.10 36.95880  0.87678   5.96
      152.642  1.19746  0.69828   3.22 35.78539  0.87238   5.96
      152.777  1.19374  0.69967   3.29 35.29849  0.87026   5.96
      152.906  1.19006  0.70033   3.31 35.29467  0.87009   5.96
      152.995  1.19008  0.70043   3.31 35.30757  0.87013   5.96
      153.114  1.19059  0.70002   3.31 35.27475  0.87005   5.97
      153.267  1.19329  0.69856   3.34 34.93843  0.86890   5.97
      153.434  1.19425  0.69720   3.37 34.50334  0.86726   5.97
      153.600  1.19264  0.69688   3.39 34.30172  0.86641   5.98
      153.724  1.19173  0.69687   3.39 34.29652  0.86636   5.98
      153.842  1.19148  0.69674   3.39 34.30155  0.86639   5.98
      154.022  1.19260  0.69583   3.40 34.22945  0.86619   5.98
      154.219  1.19331  0.69467   3.41 34.07129  0.86564   5.98
      154.403  1.19240  0.69433   3.41 34.00128  0.86535   5.98
      154.514  1.19218  0.69431   3.41 34.00118  0.86534   5.98
      154.686  1.19215  0.69406   3.41 34.00299  0.86537   5.98
      154.903  1.19287  0.69319   3.42 33.94949  0.86524   5.98
      155.116  1.19269  0.69269   3.42 33.89531  0.86505   5.99
      155.249  1.19240  0.69265   3.42 33.89212  0.86503   5.99
      155.419  1.19225  0.69253   3.42 33.89553  0.86505   5.99
      155.656  1.19271  0.69192   3.42 33.87435  0.86502   5.99
      155.884  1.19263  0.69154   3.42 33.84580  0.86493   5.99
      156.015  1.19246  0.69151   3.42 33.84448  0.86492   5.99
      156.214  1.19236  0.69139   3.42 33.84717  0.86494   5.99
      156.471  1.19269  0.69091   3.42 33.83294  0.86493   5.99
      156.692  1.19251  0.69071   3.42 33.82125  0.86490   5.99
      156.822  1.19244  0.69070   3.42 33.82153  0.86489   5.99
      157.069  1.19249  0.69051   3.42 33.82231  0.86492   5.99
      157.338  1.19265  0.69016   3.42 33.81100  0.86490   5.99
      157.500  1.19251  0.69012   3.42 33.80888  0.86489   5.99
      157.696  1.19243  0.69008   3.42 33.81035  0.86490   5.99
      157.981  1.19261  0.68980   3.42 33.80656  0.86491   5.99
      158.210  1.19252  0.68967   3.42 33.80189  0.86490   5.99
      158.358  1.19247  0.68967   3.42 33.80220  0.86490   5.99
      158.640  1.19253  0.68951   3.42 33.80256  0.86492   5.99
      158.913  1.19257  0.68933   3.42 33.79794  0.86492   5.99
      159.053  1.19252  0.68932   3.42 33.79776  0.86491   5.99
      159.320  1.19249  0.68925   3.42 33.79893  0.86493   5.99
      159.618  1.19259  0.68907   3.42 33.79578  0.86493   5.99
      159.775  1.19254  0.68905   3.42 33.79525  0.86493   5.99
      160.022  1.19248  0.68902   3.42 33.79619  0.86493   5.99
      160.335  1.19258  0.68885   3.42 33.79441  0.86494   5.99
      160.512  1.19253  0.68882   3.42 33.79370  0.86494   5.99
      160.744  1.19248  0.68881   3.42 33.79436  0.86494   5.99
      161.066  1.19257  0.68867   3.42 33.79341  0.86496   5.99
      161.257  1.19253  0.68863   3.42 33.79272  0.86495   5.99
      161.483  1.19249  0.68863   3.42 33.79321  0.86496   5.99
      161.813  1.19256  0.68851   3.42 33.79267  0.86497   5.99
      162.009  1.19253  0.68848   3.42 33.79210  0.86496   5.99
      162.238  1.19250  0.68848   3.42 33.79250  0.86497   5.99
      162.574  1.19256  0.68837   3.42 33.79212  0.86497   5.99
      162.765  1.19254  0.68835   3.42 33.79170  0.86497   5.99
      163.009  1.19250  0.68834   3.42 33.79208  0.86498   5.99
      163.348  1.19256  0.68825   3.42 33.79172  0.86498   5.99
      163.528  1.19254  0.68824   3.42 33.79146  0.86498   5.99
      163.794  1.19250  0.68823   3.42 33.79184  0.86498   5.99
      164.133  1.19255  0.68815   3.42 33.79146  0.86499   5.99
      164.298  1.19254  0.68814   3.42 33.79132  0.86499   5.99
      164.593  1.19251  0.68813   3.42 33.79171  0.86499   5.99
      164.923  1.19255  0.68806   3.42 33.79130  0.86500   5.99
      165.080  1.19253  0.68806   3.42 33.79125  0.86500   5.99
      165.406  1.19252  0.68804   3.42 33.79162  0.86500   5.99
      165.713  1.19254  0.68798   3.42 33.79124  0.86500   5.99
      165.879  1.19253  0.68799   3.42 33.79125  0.86500   5.99
      166.230  1.19253  0.68795   3.42 33.79153  0.86501   5.99
      166.496  1.19253  0.68792   3.42 33.79124  0.86501   5.99
      166.696  1.19252  0.68792   3.42 33.79132  0.86501   5.99
      167.061  1.19254  0.68788   3.42 33.79144  0.86501   5.99
      167.274  1.19253  0.68786   3.42 33.79127  0.86501   5.99
      167.531  1.19251  0.68786   3.42 33.79143  0.86501   5.99
      167.893  1.19254  0.68782   3.42 33.79137  0.86502   5.99
      168.063  1.19254  0.68781   3.42 33.79131  0.86502   5.99
      168.383  1.19252  0.68780   3.42 33.79153  0.86502   5.99
      168.712  1.19254  0.68777   3.42 33.79137  0.86502   5.99
      168.880  1.19253  0.68777   3.42 33.79137  0.86502   5.99
      169.244  1.19253  0.68775   3.42 33.79156  0.86503   5.99
      169.509  1.19253  0.68772   3.42 33.79142  0.86503   5.99
      169.727  1.19252  0.68773   3.42 33.79148  0.86503   5.99
      170.105  1.19254  0.68770   3.42 33.79155  0.86503   5.99
      170.297  1.19253  0.68769   3.42 33.79148  0.86503   5.99
      170.598  1.19252  0.68769   3.42 33.79161  0.86503   5.99
      170.950  1.19254  0.68766   3.42 33.79155  0.86503   5.99
      171.116  1.19253  0.68766   3.42 33.79153  0.86503   5.99
      171.482  1.19253  0.68764   3.42 33.79169  0.86504   5.99
      171.761  1.19253  0.68762   3.42 33.79159  0.86504   5.99
      171.977  1.19252  0.68763   3.42 33.79163  0.86504   5.99
      172.363  1.19254  0.68760   3.42 33.79170  0.86504   5.99
      172.556  1.19253  0.68760   3.42 33.79165  0.86504   5.99
      172.867  1.19252  0.68760   3.42 33.79176  0.86504   5.99
      173.218  1.19254  0.68757   3.42 33.79171  0.86504   5.99
      173.389  1.19253  0.68757   3.42 33.79171  0.86504   5.99
      173.769  1.19253  0.68756   3.42 33.79183  0.86504   5.99
      174.028  1.19253  0.68755   3.42 33.79176  0.86504   5.99
      174.272  1.19252  0.68755   3.42 33.79181  0.86504   5.99
      174.658  1.19254  0.68753   3.42 33.79184  0.86505   5.99
      174.835  1.19253  0.68753   3.42 33.79181  0.86505   5.99
      175.183  1.19252  0.68753   3.42 33.79191  0.86505   5.99
      175.504  1.19253  0.68751   3.42 33.79187  0.86505   5.99
      175.699  1.19253  0.68751   3.42 33.79188  0.86505   5.99
      176.095  1.19253  0.68750   3.42 33.79195  0.86505   5.99
      176.306  1.19253  0.68749   3.42 33.79192  0.86505   5.99
      176.609  1.19252  0.68750   3.42 33.79198  0.86505   5.99
      176.973  1.19254  0.68748   3.42 33.79197  0.86505   5.99
      177.146  1.19253  0.68748   3.42 33.79196  0.86505   5.99
      177.535  1.19253  0.68747   3.42 33.79204  0.86505   5.99
      177.791  1.19253  0.68746   3.42 33.79201  0.86505   5.99
      178.051  1.19252  0.68747   3.42 33.79204  0.86505   5.99
      178.439  1.19254  0.68745   3.42 33.79206  0.86505   6.00
      178.612  1.19253  0.68745   3.42 33.79205  0.86505   5.99
      178.985  1.19252  0.68745   3.42 33.79212  0.86505   5.99
      179.280  1.19253  0.68744   3.42 33.79209  0.86506   6.00
      179.506  1.19252  0.68744   3.42 33.79210  0.86506   5.99
      179.907  1.19253  0.68743   3.42 33.79214  0.86506   6.00
      180.091  1.19253  0.68743   3.42 33.79212  0.86506   5.99
      180.444  1.19252  0.68743   3.42 33.79218  0.86506   5.99
      180.770  1.19253  0.68742   3.42 33.79216  0.86506   5.99
      180.973  1.19253  0.68742   3.42 33.79217  0.86506   5.99
      181.380  1.19253  0.68741   3.42 33.79221  0.86506   5.99
      181.580  1.19253  0.68741   3.42 33.79219  0.86506   5.99
      181.913  1.19252  0.68741   3.42 33.79224  0.86506   5.99
      182.261  1.19253  0.68740   3.42 33.79223  0.86506   5.99
      182.451  1.19253  0.68740   3.42 33.79223  0.86506   5.99
      182.859  1.19253  0.68739   3.42 33.79227  0.86506   5.99
      183.074  1.19253  0.68739   3.42 33.79226  0.86506   5.99
      183.391  1.19252  0.68739   3.42 33.79229  0.86506   5.99
      183.754  1.19253  0.68738   3.42 33.79229  0.86506   5.99
      183.937  1.19253  0.68738   3.42 33.79229  0.86506   5.99
      184.345  1.19253  0.68738   3.42 33.79233  0.86506   5.99
      184.572  1.19253  0.68738   3.42 33.79231  0.86506   5.99
      184.878  1.19252  0.68738   3.42 33.79234  0.86506   5.99
      185.250  1.19253  0.68737   3.42 33.79234  0.86506   5.99
      185.430  1.19253  0.68737   3.42 33.79234  0.86506   5.99
      185.837  1.19253  0.68737   3.42 33.79238  0.86506   5.99
      186.072  1.19253  0.68736   3.42 33.79236  0.86506   5.99
      186.372  1.19252  0.68737   3.42 33.79238  0.86506   5.99
      186.749  1.19253  0.68736   3.42 33.79238  0.86506   5.99
      186.929  1.19253  0.68736   3.42 33.79238  0.86506   5.99
      187.336  1.19253  0.68736   3.42 33.79242  0.86506   5.99
      187.575  1.19253  0.68736   3.42 33.79240  0.86506   5.99
      187.872  1.19252  0.68736   3.42 33.79243  0.86506   5.99
      188.252  1.19253  0.68735   3.42 33.79243  0.86506   5.99
      188.432  1.19253  0.68735   3.42 33.79243  0.86506   5.99
      188.840  1.19253  0.68735   3.42 33.79246  0.86506   5.99
      189.079  1.19253  0.68735   3.42 33.79244  0.86506   5.99
      189.378  1.19252  0.68735   3.42 33.79246  0.86506   5.99
      189.758  1.19253  0.68735   3.42 33.79246  0.86507   5.99
      189.939  1.19253  0.68735   3.42 33.79246  0.86507   5.99
      190.349  1.19253  0.68735   3.42 33.79249  0.86506   5.99
      190.584  1.19253  0.68734   3.42 33.79248  0.86507   5.99
      190.890  1.19252  0.68735   3.42 33.79250  0.86506   5.99
      191.266  1.19253  0.68734   3.42 33.79249  0.86507   5.99
      191.449  1.19253  0.68734   3.42 33.79249  0.86507   5.99
      191.862  1.19253  0.68734   3.42 33.79252  0.86507   5.99
      192.091  1.19253  0.68734   3.42 33.79251  0.86507   5.99
      192.405  1.19252  0.68735   3.42 33.79252  0.86507   5.99
      192.776  1.19253  0.68734   3.42 33.79252  0.86507   5.99
      192.963  1.19253  0.68734   3.42 33.79252  0.86507   5.99
      193.379  1.19253  0.68734   3.42 33.79254  0.86507   5.99
      193.600  1.19253  0.68734   3.42 33.79253  0.86507   5.99
      193.924  1.19252  0.68734   3.42 33.79255  0.86507   5.99
      194.287  1.19253  0.68734   3.42 33.79254  0.86507   5.99
      194.480  1.19253  0.68734   3.42 33.79255  0.86507   5.99
      194.898  1.19253  0.68734   3.42 33.79256  0.86507   5.99
      195.109  1.19253  0.68734   3.42 33.79255  0.86507   5.99
      195.446  1.19252  0.68734   3.42 33.79257  0.86507   5.99
      195.799  1.19253  0.68734   3.42 33.79256  0.86507   5.99
      195.999  1.19253  0.68734   3.42 33.79257  0.86507   5.99
      196.418  1.19253  0.68734   3.42 33.79258  0.86507   5.99
      196.620  1.19253  0.68734   3.42 33.79257  0.86507   5.99
      196.971  1.19252  0.68734   3.42 33.79259  0.86507   5.99
      197.310  1.19253  0.68734   3.42 33.79258  0.86507   5.99
      197.521  1.19253  0.68734   3.42 33.79259  0.86507   5.99
      197.940  1.19253  0.68734   3.42 33.79259  0.86507   5.99
      198.133  1.19253  0.68734   3.42 33.79259  0.86507   5.99
      198.497  1.19252  0.68735   3.42 33.79260  0.86507   5.99
      198.822  1.19253  0.68734   3.42 33.79259  0.86507   5.99
      199.045  1.19253  0.68734   3.42 33.79260  0.86507   5.99
      199.462  1.19253  0.68734   3.42 33.79260  0.86507   5.99
      199.648  1.19253  0.68734   3.42 33.79260  0.86507   5.99
      200.024  1.19252  0.68735   3.42 33.79261  0.86507   5.99
      200.332  1.19253  0.68734   3.42 33.79260  0.86507   5.99
      200.570  1.19253  0.68735   3.42 33.79261  0.86507   5.99
      200.983  1.19253  0.68735   3.42 33.79261  0.86507   5.99
      201.164  1.19253  0.68735   3.42 33.79261  0.86507   5.99
      201.552  1.19252  0.68735   3.42 33.79262  0.86507   5.99
      201.843  1.19253  0.68735   3.42 33.79261  0.86507   5.99
      202.096  1.19253  0.68735   3.42 33.79262  0.86507   5.99
      202.503  1.19253  0.68735   3.42 33.79262  0.86507   5.99
      202.681  1.19253  0.68735   3.42 33.79261  0.86507   5.99
      203.079  1.19252  0.68736   3.42 33.79263  0.86506   5.99
      203.352  1.19253  0.68736   3.42 33.79262  0.86507   5.99
      203.622  1.19253  0.68736   3.42 33.79263  0.86506   5.99
      204.022  1.19253  0.68736   3.42 33.79262  0.86506   5.99
      204.199  1.19253  0.68736   3.42 33.79262  0.86506   5.99
      204.604  1.19253  0.68737   3.42 33.79263  0.86506   5.99
      204.862  1.19253  0.68736   3.42 33.79262  0.86506   5.99
      205.148  1.19253  0.68737   3.42 33.79263  0.86506   5.99
      205.538  1.19253  0.68737   3.42 33.79262  0.86506   5.99
      205.718  1.19253  0.68737   3.42 33.79262  0.86506   5.99
      206.128  1.19253  0.68738   3.42 33.79263  0.86506   5.99
      206.371  1.19253  0.68737   3.42 33.79262  0.86506   5.99
      206.672  1.19252  0.68738   3.42 33.79263  0.86506   5.99
      207.053  1.19253  0.68738   3.42 33.79262  0.86506   5.99
      207.236  1.19253  0.68738   3.42 33.79262  0.86506   5.99
      207.650  1.19253  0.68739   3.42 33.79262  0.86506   5.99
      207.880  1.19253  0.68738   3.42 33.79261  0.86506   5.99
      208.195  1.19252  0.68739   3.42 33.79263  0.86506   5.99
      208.566  1.19253  0.68739   3.42 33.79261  0.86506   5.99
      208.753  1.19253  0.68739   3.42 33.79261  0.86506   5.99
      209.169  1.19253  0.68740   3.42 33.79261  0.86506   5.99
      209.389  1.19253  0.68739   3.42 33.79261  0.86506   5.99
      209.714  1.19252  0.68740   3.42 33.79262  0.86506   5.99
      210.076  1.19253  0.68740   3.42 33.79260  0.86506   5.99
      210.268  1.19253  0.68740   3.42 33.79261  0.86506   5.99
      210.685  1.19253  0.68741   3.42 33.79260  0.86506   5.99
      210.897  1.19253  0.68741   3.42 33.79260  0.86506   5.99
      211.230  1.19252  0.68742   3.42 33.79261  0.86506   5.99
      211.585  1.19253  0.68742   3.42 33.79259  0.86506   5.99
      211.781  1.19253  0.68742   3.42 33.79260  0.86506   5.99
      212.197  1.19253  0.68743   3.42 33.79259  0.86506   5.99
      212.404  1.19253  0.68742   3.42 33.79259  0.86506   5.99
      212.742  1.19252  0.68743   3.42 33.79260  0.86506   5.99
      213.091  1.19253  0.68743   3.42 33.79258  0.86506   5.99
      213.290  1.19253  0.68744   3.42 33.79259  0.86506   5.99
      213.705  1.19253  0.68744   3.42 33.79258  0.86506   5.99
      213.909  1.19253  0.68744   3.42 33.79257  0.86506   5.99
      214.249  1.19252  0.68745   3.42 33.79259  0.86506   5.99
      214.596  1.19253  0.68745   3.42 33.79256  0.86506   5.99
      214.794  1.19253  0.68745   3.42 33.79257  0.86506   5.99
      215.208  1.19253  0.68746   3.42 33.79256  0.86506   5.99
      215.413  1.19253  0.68746   3.42 33.79255  0.86506   5.99
      215.750  1.19252  0.68747   3.42 33.79257  0.86505   5.99
      216.098  1.19253  0.68747   3.42 33.79254  0.86505   5.99
      216.294  1.19253  0.68747   3.42 33.79255  0.86505   5.99
      216.707  1.19253  0.68749   3.42 33.79254  0.86505   5.99
      216.914  1.19253  0.68748   3.42 33.79253  0.86505   5.99
      217.245  1.19252  0.68750   3.42 33.79256  0.86505   5.99
      217.597  1.19253  0.68750   3.42 33.79252  0.86505   5.99
      217.789  1.19253  0.68750   3.42 33.79253  0.86505   5.99
      218.199  1.19253  0.68751   3.42 33.79252  0.86505   5.99
      218.413  1.19253  0.68751   3.42 33.79251  0.86505   5.99
      218.733  1.19252  0.68752   3.42 33.79254  0.86505   5.99
      219.093  1.19253  0.68752   3.42 33.79250  0.86505   5.99
      219.277  1.19253  0.68752   3.42 33.79251  0.86505   5.99
      219.683  1.19252  0.68754   3.42 33.79250  0.86505   5.99
      219.909  1.19253  0.68753   3.42 33.79249  0.86505   5.99
      220.212  1.19253  0.68755   3.42 33.79252  0.86505   5.99
      220.583  1.19253  0.68755   3.42 33.79247  0.86505   5.99
      220.761  1.19253  0.68755   3.42 33.79248  0.86505   5.99
      221.159  1.19252  0.68757   3.42 33.79248  0.86505   5.99
      221.404  1.19253  0.68757   3.42 33.79246  0.86505   5.99
      221.683  1.19253  0.68758   3.42 33.79250  0.86505   5.99
      222.067  1.19253  0.68758   3.42 33.79245  0.86504   5.99
      222.239  1.19254  0.68758   3.42 33.79245  0.86504   5.99
      222.625  1.19252  0.68760   3.42 33.79247  0.86504   5.99
      222.897  1.19253  0.68760   3.42 33.79243  0.86504   5.99
      223.145  1.19253  0.68761   3.42 33.79247  0.86504   5.99
      223.539  1.19253  0.68762   3.42 33.79242  0.86504   5.99
      223.715  1.19253  0.68762   3.42 33.79242  0.86504   5.99
      224.079  1.19252  0.68764   3.42 33.79246  0.86504   5.99
      224.386  1.19253  0.68764   3.42 33.79241  0.86504   5.99
      224.599  1.19253  0.68765   3.42 33.79244  0.86504   5.99
      224.998  1.19253  0.68766   3.42 33.79240  0.86504   5.99
      225.191  1.19253  0.68766   3.42 33.79239  0.86504   5.99
      225.521  1.19252  0.68768   3.42 33.79245  0.86504   5.99
      225.864  1.19253  0.68769   3.42 33.79238  0.86504   5.99
      226.047  1.19254  0.68769   3.42 33.79240  0.86504   5.99
      226.440  1.19252  0.68771   3.42 33.79240  0.86503   5.99
      226.671  1.19253  0.68771   3.42 33.79237  0.86503   5.99
      226.950  1.19253  0.68773   3.42 33.79244  0.86503   5.99
      227.325  1.19253  0.68774   3.42 33.79236  0.86503   5.99
      227.494  1.19254  0.68774   3.42 33.79237  0.86503   5.99
      227.863  1.19252  0.68777   3.42 33.79242  0.86503   5.99
      228.150  1.19253  0.68777   3.42 33.79235  0.86503   5.99
      228.369  1.19253  0.68777   3.42 33.79241  0.86503   5.99
      228.759  1.19252  0.68780   3.42 33.79236  0.86503   5.99
      228.949  1.19253  0.68780   3.42 33.79235  0.86503   5.99
      229.268  1.19252  0.68782   3.42 33.79245  0.86502   5.99
      229.613  1.19253  0.68783   3.42 33.79234  0.86502   5.99
      229.785  1.19254  0.68783   3.42 33.79237  0.86502   5.99
      230.163  1.19252  0.68787   3.42 33.79242  0.86502   5.99
      230.417  1.19253  0.68787   3.42 33.79235  0.86502   5.99
      230.658  1.19253  0.68788   3.42 33.79245  0.86502   5.99
      231.037  1.19252  0.68791   3.42 33.79237  0.86502   5.99
      231.215  1.19253  0.68791   3.42 33.79236  0.86502   5.99
      231.541  1.19252  0.68794   3.42 33.79251  0.86501   5.99
      231.874  1.19253  0.68795   3.42 33.79238  0.86501   5.99
      232.046  1.19254  0.68795   3.42 33.79242  0.86501   5.99
      232.417  1.19252  0.68799   3.42 33.79251  0.86501   5.99
      232.671  1.19253  0.68799   3.42 33.79241  0.86501   5.99
      232.900  1.19254  0.68801   3.42 33.79255  0.86501   5.99
      233.274  1.19252  0.68805   3.42 33.79249  0.86500   5.99
      233.459  1.19253  0.68804   3.42 33.79246  0.86500   5.99
      233.761  1.19253  0.68808   3.42 33.79269  0.86500   5.99
      234.104  1.19253  0.68810   3.42 33.79252  0.86500   5.99
      234.267  1.19254  0.68810   3.42 33.79255  0.86500   5.99
      234.615  1.19251  0.68815   3.43 33.79279  0.86500   5.99
      234.905  1.19253  0.68816   3.43 33.79262  0.86500   5.99
      235.091  1.19255  0.68817   3.43 33.79273  0.86500   5.99
      235.456  1.19251  0.68823   3.43 33.79287  0.86499   5.99
      235.685  1.19253  0.68823   3.43 33.79275  0.86499   5.99
      235.921  1.19254  0.68825   3.43 33.79301  0.86499   5.99
      236.280  1.19252  0.68831   3.43 33.79298  0.86498   5.99
      236.462  1.19253  0.68830   3.43 33.79292  0.86498   5.99
      236.746  1.19253  0.68835   3.43 33.79335  0.86498   5.99
      237.087  1.19252  0.68839   3.43 33.79317  0.86498   5.99
      237.246  1.19254  0.68839   3.43 33.79316  0.86498   5.99
      237.561  1.19252  0.68845   3.43 33.79375  0.86497   5.99
      237.876  1.19253  0.68849   3.43 33.79347  0.86497   5.99
      238.033  1.19255  0.68849   3.43 33.79353  0.86497   5.99
      238.363  1.19251  0.68857   3.43 33.79423  0.86497   5.99
      238.652  1.19253  0.68859   3.43 33.79390  0.86496   5.99
      238.816  1.19256  0.68860   3.43 33.79406  0.86496   5.99
      239.151  1.19250  0.68869   3.43 33.79487  0.86496   5.99
      239.417  1.19253  0.68872   3.43 33.79451  0.86495   5.99
      239.591  1.19256  0.68873   3.43 33.79478  0.86496   5.99
      239.925  1.19250  0.68884   3.43 33.79574  0.86495   5.99
      240.175  1.19253  0.68886   3.43 33.79534  0.86495   5.99
      240.355  1.19257  0.68887   3.43 33.79573  0.86495   5.99
      240.684  1.19249  0.68900   3.44 33.79696  0.86494   5.99
      240.928  1.19253  0.68902   3.44 33.79650  0.86494   5.99
      241.105  1.19257  0.68904   3.44 33.79697  0.86494   5.99
      241.426  1.19249  0.68918   3.44 33.79870  0.86493   5.99
      241.674  1.19253  0.68921   3.44 33.79814  0.86493   5.99
      241.840  1.19258  0.68923   3.44 33.79861  0.86493   5.99
      242.151  1.19250  0.68939   3.44 33.80116  0.86492   5.99
      242.410  1.19252  0.68944   3.44 33.80053  0.86492   5.99
      242.561  1.19257  0.68945   3.44 33.80084  0.86492   5.99
      242.856  1.19252  0.68961   3.45 33.80451  0.86492   5.99
      243.131  1.19250  0.68972   3.45 33.80413  0.86491   5.99
      243.271  1.19255  0.68972   3.45 33.80417  0.86491   5.99
      243.540  1.19256  0.68986   3.45 33.80872  0.86492   5.99
      243.827  1.19246  0.69004   3.45 33.80994  0.86490   5.99
      243.980  1.19250  0.69005   3.45 33.80955  0.86490   5.99
      244.205  1.19262  0.69014   3.45 33.81355  0.86491   5.99
      244.491  1.19244  0.69042   3.46 33.81924  0.86491   5.99
      244.693  1.19250  0.69047   3.46 33.81818  0.86490   5.99
      244.853  1.19263  0.69050   3.46 33.81978  0.86491   5.99
      245.123  1.19253  0.69079   3.47 33.83145  0.86493   5.99
      245.372  1.19242  0.69100   3.47 33.83284  0.86492   5.99
      245.504  1.19248  0.69100   3.47 33.83250  0.86492   5.99
      245.726  1.19269  0.69116   3.47 33.84283  0.86495   5.99
      245.986  1.19240  0.69158   3.48 33.85887  0.86498   5.99
      246.184  1.19244  0.69170   3.48 33.85773  0.86496   5.99
      246.317  1.19259  0.69172   3.48 33.85886  0.86497   5.99
      246.550  1.19272  0.69202   3.49 33.88488  0.86506   5.99
      246.788  1.19228  0.69253   3.50 33.90758  0.86510   5.99
      246.953  1.19237  0.69263   3.50 33.90583  0.86508   5.99
      247.093  1.19266  0.69266   3.50 33.90912  0.86510   5.99
      247.312  1.19285  0.69304   3.51 33.95774  0.86528   5.98
      247.531  1.19219  0.69371   3.53 34.00676  0.86541   5.98
      247.694  1.19220  0.69390   3.53 34.00696  0.86540   5.98
      247.813  1.19246  0.69391   3.53 34.00771  0.86541   5.98
      248.005  1.19320  0.69415   3.54 34.07374  0.86569   5.98
      248.205  1.19255  0.69497   3.57 34.20373  0.86614   5.98
      248.382  1.19159  0.69556   3.58 34.25625  0.86629   5.98
      248.489  1.19171  0.69561   3.58 34.25353  0.86627   5.98
      248.631  1.19287  0.69560   3.58 34.26689  0.86636   5.98
      248.803  1.19391  0.69577   3.61 34.45422  0.86716   5.98
      248.973  1.19284  0.69663   3.65 34.77755  0.86838   5.98
      249.124  1.19065  0.69739   3.66 34.97504  0.86905   5.98
      249.226  1.19072  0.69757   3.66 34.97880  0.86905   5.98
      249.334  1.19124  0.69736   3.67 34.95032  0.86897   5.98
      249.473  1.19446  0.69647   3.69 35.04136  0.86950   5.99
      249.612  1.19626  0.69536   3.74 35.53757  0.87159   5.99
      249.744  1.19480  0.69489   3.79 36.39179  0.87481   6.00
      249.864  1.19003  0.69494   3.82 37.21467  0.87765   6.00
      249.959  1.18672  0.69486   3.82 37.44525  0.87838   6.00
      250.034  1.18599  0.69475   3.82 37.46031  0.87842   6.00
      250.133  1.18651  0.69325   3.82 36.97411  0.87684   6.00
      250.237  1.19149  0.68864   3.84 35.80127  0.87302   6.01
      250.339  1.19794  0.68096   3.85 34.27630  0.86776   6.03
      250.437  1.20406  0.67168   3.84 32.71352  0.86192   6.05
      250.530  1.20831  0.66289   3.81 31.43772  0.85676   6.07
      250.617  1.20857  0.65654   3.78 30.76982  0.85396   6.07
      250.695  1.20186  0.65297   3.78 30.83128  0.85438   6.07
      250.757  1.19868  0.65217   3.78 30.92147  0.85481   6.07
      250.825  1.20208  0.65466   3.79 31.25506  0.85639   6.06
      250.905  1.19337  0.65923   3.84 33.10867  0.86443   6.04
      250.988  1.18255  0.66695   3.94 36.40453  0.87672   6.01
      251.073  1.17355  0.67625   4.06 41.08258  0.89079   5.99
      251.160  1.16733  0.68530   4.17 46.88075  0.90436   5.98
      251.249  1.16421  0.69232   4.25 52.67309  0.91494   5.97
      251.339  1.16467  0.69612   4.28 56.45300  0.92070   5.97
      251.423  1.16906  0.69737   4.28 57.13142  0.92169   5.97
      251.489  1.16937  0.69725   4.28 56.96553  0.92146   5.97
      251.571  1.17559  0.69787   4.30 55.85870  0.91990   5.97
      251.673  1.18416  0.69893   4.40 52.67072  0.91491   5.97
      251.785  1.18751  0.70120   4.57 49.63713  0.90937   5.96
      251.905  1.18541  0.70451   4.72 47.86065  0.90558   5.97
      252.029  1.18026  0.70745   4.81 47.36137  0.90425   5.97
      252.149  1.17614  0.70863   4.83 47.54824  0.90449   5.97
      252.236  1.17633  0.70880   4.83 47.59220  0.90457   5.97
      252.343  1.17698  0.70846   4.84 47.50995  0.90443   5.97
      252.484  1.18036  0.70714   4.86 46.70696  0.90285   5.97
      252.641  1.18179  0.70584   4.90 45.64619  0.90057   5.98
      252.800  1.18021  0.70558   4.92 45.07699  0.89923   5.98
      252.937  1.17843  0.70560   4.93 45.02990  0.89908   5.98
      253.034  1.17829  0.70557   4.93 45.03650  0.89910   5.98
      253.196  1.17929  0.70489   4.93 44.94021  0.89893   5.98
      253.383  1.18046  0.70361   4.94 44.60140  0.89823   5.99
      253.570  1.17986  0.70306   4.94 44.36514  0.89768   5.99
      253.704  1.17918  0.70301   4.94 44.34860  0.89763   5.99
      253.836  1.17901  0.70290   4.94 44.35496  0.89765   5.99
      254.038  1.17975  0.70217   4.94 44.28336  0.89754   5.99
      254.254  1.17999  0.70142   4.94 44.14262  0.89725   5.99
      254.425  1.17937  0.70127   4.94 44.11013  0.89716   5.99
      254.549  1.17926  0.70125   4.94 44.11320  0.89717   5.99
      254.767  1.17960  0.70081   4.94 44.09531  0.89716   5.99
      255.003  1.17984  0.70022   4.94 44.02579  0.89703   5.99
      255.176  1.17948  0.70011   4.94 44.00969  0.89699   5.99
      255.320  1.17938  0.70009   4.94 44.01253  0.89700   5.99
      255.564  1.17966  0.69970   4.94 43.99941  0.89700   5.99
      255.810  1.17970  0.69934   4.94 43.96409  0.89694   6.00
      255.949  1.17955  0.69931   4.94 43.96131  0.89693   6.00
      256.152  1.17947  0.69923   4.94 43.96460  0.89694   6.00
      256.423  1.17972  0.69885   4.94 43.94774  0.89693   6.00
      256.639  1.17956  0.69872   4.94 43.93602  0.89691   6.00
      256.781  1.17950  0.69871   4.94 43.93691  0.89691   6.00
      257.051  1.17961  0.69850   4.94 43.93539  0.89692   6.00
      257.317  1.17964  0.69829   4.94 43.92231  0.89690   6.00
      257.454  1.17957  0.69828   4.94 43.92171  0.89690   6.00
      257.704  1.17955  0.69819   4.94 43.92374  0.89691   6.00
      257.996  1.17966  0.69796   4.94 43.91517  0.89691   6.00
      258.161  1.17959  0.69793   4.94 43.91328  0.89690   6.00
      258.382  1.17953  0.69790   4.94 43.91491  0.89691   6.00
      258.689  1.17965  0.69770   4.93 43.91059  0.89691   6.00
      258.885  1.17958  0.69766   4.93 43.90809  0.89691   6.00
      259.084  1.17954  0.69765   4.93 43.90909  0.89691   6.00
      259.400  1.17963  0.69749   4.93 43.90716  0.89692   6.00
      259.617  1.17959  0.69744   4.93 43.90478  0.89691   6.00
      259.807  1.17955  0.69743   4.93 43.90544  0.89692   6.00
      260.130  1.17962  0.69730   4.93 43.90456  0.89692   6.00
      260.356  1.17959  0.69725   4.93 43.90264  0.89692   6.00
      260.547  1.17956  0.69725   4.93 43.90315  0.89692   6.00
      260.878  1.17962  0.69714   4.93 43.90262  0.89693   6.00
      261.100  1.17959  0.69710   4.93 43.90123  0.89693   6.00
      261.304  1.17956  0.69710   4.93 43.90172  0.89693   6.00
      261.642  1.17962  0.69700   4.93 43.90119  0.89693   6.00
      261.849  1.17959  0.69698   4.93 43.90029  0.89693   6.00
      262.077  1.17956  0.69697   4.93 43.90083  0.89694   6.00
      262.421  1.17962  0.69688   4.93 43.90016  0.89694   6.00
      262.603  1.17960  0.69687   4.93 43.89967  0.89694   6.00
      262.867  1.17957  0.69686   4.93 43.90026  0.89694   6.00
      263.208  1.17961  0.69678   4.93 43.89945  0.89695   6.00
      263.369  1.17960  0.69677   4.93 43.89925  0.89694   6.00
      263.674  1.17958  0.69675   4.93 43.89985  0.89695   6.00
      263.997  1.17960  0.69669   4.93 43.89904  0.89695   6.00
      264.154  1.17959  0.69669   4.93 43.89901  0.89695   6.00
      264.496  1.17959  0.69666   4.93 43.89949  0.89695   6.00
      264.778  1.17959  0.69662   4.93 43.89885  0.89695   6.00
      264.963  1.17958  0.69662   4.93 43.89896  0.89695   6.00
      265.327  1.17960  0.69657   4.93 43.89912  0.89696   6.00
      265.548  1.17959  0.69656   4.93 43.89876  0.89696   6.00
      265.796  1.17958  0.69655   4.93 43.89903  0.89696   6.00
      266.159  1.17961  0.69651   4.93 43.89883  0.89696   6.00
      266.328  1.17960  0.69650   4.93 43.89871  0.89696   6.00
      266.649  1.17958  0.69649   4.93 43.89908  0.89696   6.00
      266.974  1.17960  0.69645   4.93 43.89871  0.89697   6.00
      267.144  1.17959  0.69645   4.93 43.89873  0.89696   6.00
      267.513  1.17960  0.69642   4.93 43.89899  0.89697   6.00
      267.759  1.17959  0.69640   4.93 43.89873  0.89697   6.00
      267.998  1.17958  0.69641   4.93 43.89888  0.89697   6.00
      268.373  1.17960  0.69637   4.93 43.89884  0.89697   6.00
      268.546  1.17960  0.69637   4.93 43.89876  0.89697   6.00
      268.878  1.17958  0.69636   4.93 43.89902  0.89697   6.00
      269.202  1.17960  0.69633   4.93 43.89881  0.89697   6.00
      269.382  1.17959  0.69633   4.93 43.89883  0.89697   6.00
      269.766  1.17960  0.69631   4.93 43.89901  0.89698   6.00
      269.990  1.17959  0.69629   4.93 43.89886  0.89698   6.00
      270.264  1.17958  0.69629   4.93 43.89901  0.89698   6.00
      270.634  1.17960  0.69627   4.93 43.89894  0.89698   6.00
      270.801  1.17959  0.69627   4.93 43.89892  0.89698   6.00
      271.170  1.17959  0.69625   4.93 43.89912  0.89698   6.00
      271.449  1.17959  0.69624   4.93 43.89898  0.89698   6.00
      271.676  1.17958  0.69624   4.93 43.89905  0.89698   6.00
      272.067  1.17960  0.69622   4.93 43.89909  0.89698   6.00
      272.246  1.17959  0.69621   4.93 43.89904  0.89698   6.00
      272.592  1.17959  0.69621   4.93 43.89921  0.89698   6.00
      272.912  1.17959  0.69619   4.93 43.89911  0.89698   6.00
      273.110  1.17959  0.69619   4.93 43.89913  0.89698   6.00
      273.510  1.17960  0.69617   4.92 43.89923  0.89698   6.00
      273.707  1.17959  0.69617   4.92 43.89917  0.89698   6.00
      274.033  1.17958  0.69617   4.92 43.89930  0.89699   6.00
      274.377  1.17959  0.69615   4.92 43.89923  0.89699   6.00
      274.563  1.17959  0.69615   4.92 43.89924  0.89699   6.00
      274.965  1.17959  0.69614   4.92 43.89935  0.89699   6.00
      275.178  1.17959  0.69613   4.92 43.89929  0.89699   6.00
      275.491  1.17958  0.69613   4.92 43.89939  0.89699   6.00
      275.849  1.17960  0.69611   4.92 43.89935  0.89699   6.00
      276.031  1.17959  0.69611   4.92 43.89935  0.89699   6.00
      276.435  1.17959  0.69610   4.92 43.89945  0.89699   6.00
      276.655  1.17959  0.69610   4.92 43.89940  0.89699   6.00
      276.965  1.17958  0.69610   4.92 43.89949  0.89699   6.00
      277.328  1.17959  0.69608   4.92 43.89946  0.89699   6.00
      277.511  1.17959  0.69608   4.92 43.89946  0.89699   6.00
      277.919  1.17959  0.69607   4.92 43.89955  0.89699   6.00
      278.136  1.17959  0.69607   4.92 43.89951  0.89699   6.00
      278.455  1.17959  0.69607   4.92 43.89959  0.89699   6.00
      278.813  1.17959  0.69606   4.92 43.89956  0.89699   6.00
      279.002  1.17959  0.69606   4.92 43.89957  0.89699   6.00
      279.415  1.17959  0.69605   4.92 43.89964  0.89699   6.00
      279.622  1.17959  0.69604   4.92 43.89961  0.89699   6.00
      279.958  1.17959  0.69604   4.92 43.89968  0.89699   6.00
      280.304  1.17959  0.69603   4.92 43.89966  0.89700   6.00
      280.505  1.17959  0.69603   4.92 43.89967  0.89699   6.00
      280.922  1.17959  0.69603   4.92 43.89972  0.89700   6.00
      281.115  1.17959  0.69602   4.92 43.89970  0.89700   6.00
      281.474  1.17959  0.69602   4.92 43.89977  0.89700   6.00
      281.796  1.17959  0.69601   4.92 43.89974  0.89700   6.00
      282.020  1.17959  0.69602   4.92 43.89976  0.89700   6.00
      282.435  1.17959  0.69601   4.92 43.89980  0.89700   6.00
      282.615  1.17959  0.69600   4.92 43.89978  0.89700   6.00
      283.002  1.17959  0.69600   4.92 43.89985  0.89700   6.00
      283.289  1.17959  0.69600   4.92 43.89982  0.89700   6.00
      283.548  1.17959  0.69600   4.92 43.89985  0.89700   6.00
      283.952  1.17959  0.69599   4.92 43.89987  0.89700   6.00
      284.128  1.17959  0.69599   4.92 43.89986  0.89700   6.00
      284.539  1.17959  0.69598   4.92 43.89992  0.89700   6.00
      284.784  1.17959  0.69598   4.92 43.89990  0.89700   6.00
      285.090  1.17959  0.69598   4.92 43.89993  0.89700   6.00
      285.466  1.17959  0.69597   4.92 43.89993  0.89700   6.00
      285.656  1.17959  0.69597   4.92 43.89993  0.89700   6.00
      286.081  1.17959  0.69597   4.92 43.89998  0.89700   6.00
      286.285  1.17959  0.69597   4.92 43.89996  0.89700   6.00
      286.643  1.17959  0.69597   4.92 43.90001  0.89700   6.00
      286.973  1.17959  0.69596   4.92 43.89999  0.89700   6.00
      287.201  1.17959  0.69596   4.92 43.90001  0.89700   6.00
      287.622  1.17959  0.69595   4.92 43.90003  0.89700   6.00
      287.802  1.17959  0.69595   4.92 43.90002  0.89700   6.00
      288.204  1.17959  0.69595   4.92 43.90007  0.89700   6.00
      288.474  1.17959  0.69595   4.92 43.90005  0.89700   6.00
      288.761  1.17959  0.69595   4.92 43.90008  0.89700   6.00
      289.154  1.17959  0.69594   4.92 43.90008  0.89700   6.00
      289.339  1.17959  0.69594   4.92 43.90008  0.89700   6.00
      289.767  1.17959  0.69594   4.92 43.90012  0.89700   6.00
      289.980  1.17959  0.69594   4.92 43.90011  0.89700   6.00
      290.335  1.17959  0.69594   4.92 43.90014  0.89700   6.00
      290.671  1.17959  0.69593   4.92 43.90013  0.89700   6.00
      290.900  1.17959  0.69593   4.92 43.90014  0.89700   6.00
      291.324  1.17959  0.69593   4.92 43.90016  0.89700   6.00
      291.505  1.17959  0.69593   4.92 43.90016  0.89700   6.00
      291.914  1.17959  0.69593   4.92 43.90019  0.89700   6.00
      292.176  1.17959  0.69592   4.92 43.90018  0.89700   6.00
      292.479  1.17959  0.69593   4.92 43.90020  0.89700   6.00
      292.863  1.17959  0.69592   4.92 43.90020  0.89700   6.00
      293.058  1.17959  0.69592   4.92 43.90020  0.89700   6.00
      293.491  1.17959  0.69592   4.92 43.90023  0.89700   6.00
      293.690  1.17959  0.69592   4.92 43.90022  0.89700   6.00
      294.070  1.17959  0.69592   4.92 43.90025  0.89700   6.00
      294.380  1.17959  0.69591   4.92 43.90024  0.89700   6.00
      294.637  1.17959  0.69591   4.92 43.90025  0.89700   6.00
      295.052  1.17959  0.69591   4.92 43.90026  0.89700   6.00
      295.233  1.17959  0.69591   4.92 43.90026  0.89700   6.00
      295.662  1.17959  0.69591   4.92 43.90029  0.89700   6.00
      295.890  1.17959  0.69591   4.92 43.90028  0.89701   6.00
      296.235  1.17959  0.69591   4.92 43.90030  0.89700   6.00
      296.585  1.17959  0.69590   4.92 43.90030  0.89701   6.00
      296.810  1.17959  0.69590   4.92 43.90030  0.89701   6.00
      297.241  1.17959  0.69590   4.92 43.90032  0.89701   6.00
      297.423  1.17959  0.69590   4.92 43.90032  0.89701   6.00
      297.839  1.17959  0.69590   4.92 43.90034  0.89701   6.00
      298.097  1.17959  0.69590   4.92 43.90033  0.89701   6.00
      298.412  1.17959  0.69590   4.92 43.90035  0.89701   6.00
      298.789  1.17959  0.69590   4.92 43.90035  0.89701   6.00
      298.995  1.17959  0.69590   4.92 43.90035  0.89701   6.00
      299.432  1.17959  0.69589   4.92 43.90037  0.89701   6.00
      299.622  1.17959  0.69589   4.92 43.90036  0.89701   6.00
      300.024  1.17959  0.69589   4.92 43.90038  0.89701   6.00
      300.307  1.17959  0.69589   4.92 43.90038  0.89701   6.00
      300.598  1.17959  0.69589   4.92 43.90039  0.89701   6.00
      300.995  1.17959  0.69589   4.92 43.90039  0.89701   6.00
      301.189  1.17959  0.69589   4.92 43.90039  0.89701   6.00
      301.629  1.17959  0.69589   4.92 43.90041  0.89701   6.00
      301.829  1.17959  0.69589   4.92 43.90040  0.89701   6.00
      302.217  1.17959  0.69589   4.92 43.90042  0.89701   6.00
      302.520  1.17959  0.69589   4.92 43.90042  0.89701   6.00
      302.793  1.17959  0.69589   4.92 43.90042  0.89701   6.00
      303.203  1.17959  0.69588   4.92 43.90043  0.89701   6.00
      303.391  1.17959  0.69588   4.92 43.90043  0.89701   6.00
      303.831  1.17959  0.69588   4.92 43.90044  0.89701   6.00
      304.040  1.17959  0.69588   4.92 43.90044  0.89701   6.00
      304.418  1.17959  0.69588   4.92 43.90046  0.89701   6.00
      304.735  1.17959  0.69588   4.92 43.90045  0.89701   6.00
      304.996  1.17959  0.69588   4.92 43.90046  0.89701   6.00
      305.414  1.17959  0.69588   4.92 43.90046  0.89701   6.00
      305.600  1.17959  0.69588   4.92 43.90046  0.89701   6.00
      306.038  1.17959  0.69588   4.92 43.90048  0.89701   6.00
      306.254  1.17959  0.69588   4.92 43.90047  0.89701   6.00
      306.625  1.17959  0.69588   4.92 43.90048  0.89701   6.00
      306.951  1.17959  0.69588   4.92 43.90048  0.89701   6.00
      307.206  1.17959  0.69588   4.92 43.90049  0.89701   6.00
      307.628  1.17959  0.69588   4.92 43.90049  0.89701   6.00
      307.813  1.17959  0.69588   4.92 43.90049  0.89701   6.00
      308.251  1.17959  0.69588   4.92 43.90050  0.89701   6.00
      308.471  1.17959  0.69588   4.92 43.90050  0.89701   6.00
      308.838  1.17959  0.69588   4.92 43.90051  0.89701   6.00
      309.169  1.17959  0.69587   4.92 43.90051  0.89701   6.00
      309.421  1.17959  0.69588   4.92 43.90051  0.89701   6.00
      309.845  1.17959  0.69587   4.92 43.90052  0.89701   6.00
      310.030  1.17959  0.69587   4.92 43.90052  0.89701   6.00
      310.468  1.17959  0.69587   4.92 43.90053  0.89701   6.00
      310.690  1.17959  0.69587   4.92 43.90052  0.89701   6.00
      311.057  1.17959  0.69588   4.92 43.90053  0.89701   6.00
      311.388  1.17959  0.69587   4.92 43.90053  0.89701   6.00
      311.641  1.17959  0.69587   4.92 43.90053  0.89701   6.00
      312.065  1.17959  0.69587   4.92 43.90054  0.89701   6.00
      312.250  1.17959  0.69587   4.92 43.90054  0.89701   6.00
      312.690  1.17959  0.69587   4.92 43.90055  0.89701   6.00
      312.910  1.17959  0.69587   4.92 43.90054  0.89701   6.00
      313.280  1.17959  0.69587   4.92 43.90055  0.89701   6.00
      313.609  1.17959  0.69587   4.92 43.90055  0.89701   6.00
      313.865  1.17959  0.69587   4.92 43.90055  0.89701   6.00
      314.288  1.17959  0.69587   4.92 43.90056  0.89701   6.00
      314.474  1.17959  0.69587   4.92 43.90056  0.89701   6.00
      314.915  1.17959  0.69587   4.92 43.90056  0.89701   6.00
      315.131  1.17959  0.69587   4.92 43.90056  0.89701   6.00
      315.507  1.17959  0.69587   4.92 43.90057  0.89701   6.00
      315.830  1.17959  0.69587   4.92 43.90057  0.89701   6.00
      316.092  1.17959  0.69587   4.92 43.90057  0.89701   6.00
      316.512  1.17959  0.69587   4.92 43.90057  0.89701   6.00
      316.699  1.17959  0.69587   4.92 43.90057  0.89701   6.00
      317.142  1.17959  0.69587   4.92 43.90058  0.89701   6.00
      317.354  1.17959  0.69587   4.92 43.90057  0.89701   6.00
      317.736  1.17959  0.69587   4.92 43.90058  0.89701   6.00
      318.051  1.17959  0.69587   4.92 43.90058  0.89701   6.00
      318.322  1.17959  0.69587   4.92 43.90058  0.89701   6.00
      318.737  1.17959  0.69587   4.92 43.90058  0.89701   6.00
      318.927  1.17959  0.69587   4.92 43.90058  0.89701   6.00
      319.372  1.17959  0.69587   4.92 43.90059  0.89701   6.00
      319.578  1.17959  0.69587   4.92 43.90059  0.89701   6.00
      319.968  1.17959  0.69588   4.92 43.90059  0.89701   6.00
      320.273  1.17959  0.69587   4.92 43.90059  0.89701   6.00
      320.553  1.17959  0.69588   4.92 43.90059  0.89701   6.00
      320.962  1.17959  0.69587   4.92 43.90059  0.89701   6.00
      321.156  1.17959  0.69587   4.92 43.90059  0.89701   6.00
      321.602  1.17959  0.69588   4.92 43.90060  0.89701   6.00
      321.802  1.17959  0.69587   4.92 43.90059  0.89701   6.00
      322.201  1.17959  0.69588   4.92 43.90060  0.89701   6.00
      322.496  1.17959  0.69588   4.92 43.90060  0.89701   6.00
      322.787  1.17959  0.69588   4.92 43.90060  0.89701   6.00
      323.188  1.17959  0.69588   4.92 43.90060  0.89701   6.00
      323.387  1.17959  0.69588   4.92 43.90060  0.89701   6.00
      323.833  1.17959  0.69588   4.92 43.90060  0.89701   6.00
      324.028  1.17959  0.69588   4.92 43.90060  0.89701   6.00
      324.435  1.17959  0.69588   4.92 43.90061  0.89701   6.00
      324.718  1.17959  0.69588   4.92 43.90060  0.89701   6.00
      325.020  1.17959  0.69588   4.92 43.90061  0.89701   6.00
      325.413  1.17959  0.69588   4.92 43.90060  0.89701   6.00
      325.618  1.17959  0.69588   4.92 43.90060  0.89701   6.00
      326.063  1.17959  0.69588   4.92 43.90060  0.89701   6.00
      326.254  1.17959  0.69588   4.92 43.90060  0.89701   6.00
      326.668  1.17959  0.69588   4.92 43.90061  0.89701   6.00
      326.941  1.17959  0.69588   4.92 43.90060  0.89701   6.00
      327.254  1.17959  0.69588   4.92 43.90061  0.89701   6.00
      327.638  1.17959  0.69588   4.92 43.90060  0.89701   6.00
      327.849  1.17959  0.69588   4.92 43.90061  0.89701   6.00
      328.293  1.17959  0.69588   4.92 43.90060  0.89701   6.00
      328.481  1.17959  0.69588   4.92 43.90060  0.89701   6.00
      328.901  1.17959  0.69589   4.92 43.90061  0.89701   6.00
      329.163  1.17959  0.69589   4.92 43.90060  0.89701   6.00
      329.487  1.17959  0.69589   4.92 43.90061  0.89701   6.00
      329.862  1.17959  0.69589   4.92 43.90060  0.89701   6.00
      330.080  1.17959  0.69589   4.92 43.90061  0.89701   6.00
      330.521  1.17959  0.69589   4.92 43.90060  0.89701   6.00
      330.707  1.17959  0.69589   4.92 43.90060  0.89701   6.00
      331.132  1.17959  0.69589   4.92 43.90061  0.89701   6.00
      331.385  1.17959  0.69589   4.92 43.90060  0.89701   6.00
      331.719  1.17959  0.69589   4.92 43.90061  0.89701   6.00
      332.085  1.17959  0.69589   4.92 43.90060  0.89701   6.00
      332.309  1.17959  0.69589   4.92 43.90060  0.89701   6.00
      332.748  1.17959  0.69589   4.92 43.90060  0.89701   6.00
      332.933  1.17959  0.69589   4.92 43.90060  0.89701   6.00
      333.361  1.17959  0.69590   4.92 43.90060  0.89701   6.00
      333.607  1.17959  0.69590   4.92 43.90060  0.89701   6.00
      333.948  1.17959  0.69590   4.92 43.90060  0.89701   6.00
      334.307  1.17959  0.69590   4.92 43.90059  0.89701   6.00
      334.537  1.17959  0.69590   4.92 43.90060  0.89701   6.00
      334.973  1.17959  0.69590   4.92 43.90059  0.89701   6.00
      335.157  1.17959  0.69590   4.92 43.90059  0.89701   6.00
      335.588  1.17959  0.69590   4.92 43.90059  0.89701   6.00
      335.828  1.17959  0.69590   4.92 43.90059  0.89701   6.00
      336.174  1.17959  0.69591   4.92 43.90059  0.89701   6.00
      336.528  1.17959  0.69590   4.92 43.90059  0.89701   6.00
      336.761  1.17959  0.69591   4.92 43.90059  0.89701   6.00
      337.196  1.17959  0.69591   4.92 43.90058  0.89701   6.00
      337.379  1.17959  0.69591   4.92 43.90058  0.89701   6.00
      337.811  1.17959  0.69591   4.92 43.90058  0.89701   6.00
      338.048  1.17959  0.69591   4.92 43.90058  0.89701   6.00
      338.397  1.17959  0.69591   4.92 43.90058  0.89701   6.00
      338.748  1.17959  0.69591   4.92 43.90058  0.89701   6.00
      338.982  1.17959  0.69591   4.92 43.90058  0.89701   6.00
      339.415  1.17959  0.69591   4.92 43.90057  0.89701   6.00
      339.599  1.17959  0.69591   4.92 43.90057  0.89701   6.00
      340.030  1.17959  0.69592   4.92 43.90057  0.89701   6.00
      340.267  1.17959  0.69592   4.92 43.90057  0.89701   6.00
      340.614  1.17959  0.69592   4.92 43.90057  0.89701   6.00
      340.967  1.17959  0.69592   4.92 43.90056  0.89701   6.00
      341.199  1.17959  0.69592   4.92 43.90057  0.89700   6.00
      341.632  1.17959  0.69592   4.92 43.90056  0.89700   6.00
      341.815  1.17959  0.69592   4.92 43.90056  0.89700   6.00
      342.244  1.17959  0.69593   4.92 43.90056  0.89700   6.00
      342.485  1.17959  0.69593   4.92 43.90055  0.89700   6.00
      342.827  1.17959  0.69593   4.92 43.90056  0.89700   6.00
      343.183  1.17959  0.69593   4.92 43.90055  0.89700   6.00
      343.411  1.17959  0.69593   4.92 43.90055  0.89700   6.00
      343.845  1.17959  0.69593   4.92 43.90054  0.89700   6.00
      344.028  1.17959  0.69593   4.92 43.90054  0.89700   6.00
      344.453  1.17959  0.69594   4.92 43.90054  0.89700   6.00
      344.700  1.17959  0.69594   4.92 43.90053  0.89700   6.00
      345.033  1.17959  0.69594   4.92 43.90054  0.89700   6.00
      345.398  1.17959  0.69594   4.92 43.90053  0.89700   6.00
      345.617  1.17959  0.69594   4.92 43.90053  0.89700   6.00
      346.053  1.17959  0.69594   4.92 43.90052  0.89700   6.00
      346.238  1.17959  0.69594   4.92 43.90052  0.89700   6.00
      346.656  1.17959  0.69595   4.92 43.90052  0.89700   6.00
      346.915  1.17959  0.69595   4.92 43.90051  0.89700   6.00
      347.232  1.17959  0.69595   4.92 43.90052  0.89700   6.00
      347.609  1.17959  0.69595   4.92 43.90050  0.89700   6.00
      347.817  1.17959  0.69595   4.92 43.90051  0.89700   6.00
      348.256  1.17959  0.69596   4.92 43.90050  0.89700   6.00
      348.444  1.17959  0.69596   4.92 43.90050  0.89700   6.00
      348.850  1.17959  0.69596   4.92 43.90050  0.89700   6.00
      349.127  1.17959  0.69596   4.92 43.90049  0.89700   6.00
      349.424  1.17959  0.69596   4.92 43.90049  0.89700   6.00
      349.816  1.17959  0.69596   4.92 43.90048  0.89700   6.00
      350.012  1.17959  0.69597   4.92 43.90048  0.89700   6.00
      350.450  1.17959  0.69597   4.92 43.90047  0.89700   6.00
